0.000010 0.000010 0.999919 0.000011 0.000010 0.000010 0.000010 0.000010 0.000010
0.057759 0.042099 0.197390 0.030569 0.366665 0.056135 0.096431 0.073158 0.079794
0.063339 0.001694 0.178551 0.009789 0.237509 0.090828 0.195343 0.222936 0.000010
0.028357 0.088367 0.140616 0.312710 0.356115 0.000010 0.000010 0.000010 0.073805
0.000010 0.111671 0.000010 0.043954 0.044879 0.000016 0.055064 0.000010 0.744387
0.009072 0.004649 0.062677 0.004853 0.179091 0.110374 0.512801 0.097863 0.018621
0.081338 0.000010 0.077040 0.000010 0.164892 0.046495 0.409331 0.220874 0.000010
0.032004 0.075791 0.125259 0.059967 0.278038 0.031630 0.121392 0.075541 0.200379
0.007084 0.060983 0.114508 0.045889 0.293627 0.114647 0.116847 0.073920 0.172495
0.036357 0.054705 0.120750 0.058628 0.328632 0.099709 0.056645 0.118101 0.126473
0.056827 0.016946 0.105435 0.015130 0.297832 0.207762 0.171550 0.113182 0.015337
0.042808 0.006962 0.146239 0.053456 0.383444 0.054057 0.144564 0.112579 0.055891
0.075157 0.037723 0.069479 0.000010 0.152565 0.092219 0.468684 0.104153 0.000010
0.083520 0.013370 0.120238 0.009743 0.270186 0.150171 0.179557 0.160655 0.012561
0.372975 0.005324 0.058054 0.004217 0.051800 0.064605 0.215532 0.227484 0.000010
0.183954 0.000010 0.205900 0.000010 0.277698 0.065747 0.058029 0.208641 0.000010
0.013011 0.000010 0.066981 0.000010 0.689903 0.048521 0.129069 0.052484 0.000010
0.000010 0.016292 0.000010 0.000010 0.852280 0.039385 0.039889 0.000010 0.052114
0.047206 0.000010 0.058155 0.000010 0.148347 0.112459 0.449373 0.184430 0.000010
0.016788 0.043540 0.118275 0.046987 0.376070 0.021017 0.178045 0.066911 0.132366
0.179934 0.000010 0.194743 0.000937 0.272722 0.075841 0.090260 0.185544 0.000010
0.062439 0.006952 0.124647 0.018440 0.287318 0.152525 0.134751 0.199452 0.013476
0.029944 0.000010 0.022090 0.000010 0.000964 0.014353 0.919731 0.012888 0.000010
0.000010 0.000010 0.000010 0.000010 0.000010 0.000010 0.999920 0.000010 0.000010
0.019994 0.000010 0.000010 0.000010 0.000010 0.000010 0.000010 0.979936 0.000010
0.999920 0.000010 0.000010 0.000010 0.000010 0.000010 0.000010 0.000010 0.000010
0.073158 0.039564 0.017137 0.000010 0.000010 0.034058 0.811061 0.024992 0.000010
0.000010 0.000010 0.000010 0.000010 0.000010 0.000010 0.999920 0.000010 0.000010
0.016575 0.000010 0.017504 0.000010 0.105035 0.009690 0.831837 0.019330 0.000010
0.077610 0.111889 0.000010 0.000010 0.018843 0.010412 0.760540 0.019746 0.000940
0.456807 0.000010 0.059957 0.000010 0.087759 0.067779 0.070671 0.256997 0.000010
0.139172 0.049989 0.000010 0.000010 0.000010 0.000010 0.000010 0.810779 0.000010
0.003685 0.000010 0.000010 0.000010 0.000010 0.000010 0.960674 0.000010 0.035581
0.024734 0.011399 0.000010 0.000010 0.000010 0.063332 0.000010 0.900486 0.000010
0.192241 0.000010 0.102813 0.215119 0.206598 0.032560 0.064839 0.185810 0.000010
0.091736 0.000010 0.011590 0.000010 0.045702 0.006206 0.790906 0.053830 0.000010
0.000010 0.000010 0.999919 0.000011 0.000010 0.000010 0.000010 0.000010 0.000010
0.044830 0.000010 0.007383 0.000010 0.000010 0.029691 0.902578 0.000010 0.015479
0.000010 0.000010 0.000010 0.000010 0.000010 0.000010 0.000010 0.999920 0.000010
0.000010 0.001460 0.000010 0.000010 0.000010 0.026702 0.945374 0.000010 0.026414
0.051784 0.155231 0.070444 0.010161 0.116780 0.152310 0.108477 0.334802 0.000010
0.000010 0.000010 0.999920 0.000010 0.000010 0.000010 0.000010 0.000010 0.000010
0.000010 0.279979 0.000010 0.615143 0.000010 0.042336 0.062492 0.000010 0.000010
0.999920 0.000010 0.000010 0.000010 0.000010 0.000010 0.000010 0.000010 0.000010
0.999917 0.000010 0.000010 0.000010 0.000010 0.000010 0.000010 0.000012 0.000010
0.029016 0.000010 0.000010 0.000010 0.000010 0.000010 0.000010 0.970914 0.000010
0.950415 0.000010 0.000011 0.000010 0.000010 0.000011 0.000010 0.049512 0.000010
0.999920 0.000010 0.000010 0.000010 0.000010 0.000010 0.000010 0.000010 0.000010
0.191105 0.000010 0.101898 0.218030 0.209605 0.034484 0.068611 0.176247 0.000010
0.000010 0.000010 0.000010 0.000010 0.000010 0.000010 0.999920 0.000010 0.000010
0.084891 0.061306 0.012293 0.000010 0.020108 0.000010 0.750116 0.071256 0.000010
0.000010 0.000010 0.000010 0.999920 0.000010 0.000010 0.000010 0.000010 0.000010
0.999911 0.000010 0.000010 0.000010 0.000010 0.000010 0.000018 0.000010 0.000010
0.070378 0.000010 0.061753 0.000010 0.033186 0.011530 0.771011 0.052112 0.000010
0.999918 0.000012 0.000010 0.000010 0.000010 0.000010 0.000010 0.000010 0.000010
0.000010 0.000010 0.000010 0.999920 0.000010 0.000010 0.000010 0.000010 0.000010
0.024112 0.000010 0.006581 0.000010 0.000010 0.021486 0.902059 0.037274 0.008458
0.000010 0.000010 0.000010 0.999920 0.000010 0.000010 0.000010 0.000010 0.000010
0.000011 0.000010 0.000010 0.000010 0.000010 0.000010 0.000010 0.999919 0.000010
0.035761 0.000010 0.573553 0.000010 0.017160 0.012735 0.350892 0.009870 0.000010
0.999919 0.000011 0.000010 0.000010 0.000010 0.000010 0.000010 0.000010 0.000010
0.000010 0.000010 0.000010 0.999919 0.000010 0.000010 0.000011 0.000010 0.000010
0.000010 0.000010 0.000010 0.999920 0.000010 0.000010 0.000010 0.000010 0.000010
0.999920 0.000010 0.000010 0.000010 0.000010 0.000010 0.000010 0.000010 0.000010
0.000010 0.000010 0.999916 0.000010 0.000010 0.000013 0.000012 0.000010 0.000010
0.999920 0.000010 0.000010 0.000010 0.000010 0.000010 0.000010 0.000010 0.000010
0.000010 0.000010 0.000010 0.999920 0.000010 0.000010 0.000010 0.000010 0.000010
0.000010 0.000010 0.000010 0.999920 0.000010 0.000010 0.000010 0.000010 0.000010
0.854701 0.000010 0.014053 0.000010 0.000010 0.000010 0.045790 0.085405 0.000010
0.999920 0.000010 0.000010 0.000010 0.000010 0.000010 0.000010 0.000010 0.000010
0.000010 0.000010 0.000010 0.999920 0.000010 0.000010 0.000010 0.000010 0.000010
0.000010 0.000010 0.999920 0.000010 0.000010 0.000010 0.000010 0.000010 0.000010
0.000015 0.000015 0.999908 0.000012 0.000010 0.000010 0.000010 0.000010 0.000010
0.000010 0.000010 0.000010 0.999920 0.000010 0.000010 0.000010 0.000010 0.000010
0.000010 0.286615 0.000010 0.595203 0.000010 0.010345 0.107787 0.000010 0.000010
0.000010 0.000010 0.000010 0.789753 0.000010 0.000010 0.210177 0.000010 0.000010
0.000010 0.000010 0.000010 0.999920 0.000010 0.000010 0.000010 0.000010 0.000010
0.000010 0.000010 0.000010 0.999920 0.000010 0.000010 0.000010 0.000010 0.000010
0.000010 0.000010 0.999918 0.000010 0.000010 0.000010 0.000012 0.000010 0.000010
0.000014 0.000010 0.000010 0.000010 0.000010 0.000010 0.000015 0.999911 0.000010
0.923484 0.000010 0.000010 0.000010 0.000010 0.000010 0.076446 0.000010 0.000010
0.040591 0.025685 0.017406 0.000010 0.167542 0.144788 0.520470 0.036738 0.046772
0.953946 0.000010 0.000010 0.000010 0.000010 0.000010 0.045984 0.000010 0.000010
0.000010 0.000010 0.000010 0.999920 0.000010 0.000010 0.000010 0.000010 0.000010
0.044573 0.011472 0.034951 0.000010 0.071415 0.013065 0.810960 0.000010 0.013544
0.000010 0.065956 0.009385 0.008350 0.092726 0.000010 0.660480 0.000010 0.163072
0.000010 0.000010 0.000010 0.000010 0.000010 0.000010 0.000010 0.000010 0.999920
0.058670 0.000010 0.022073 0.000010 0.000010 0.000010 0.908428 0.010779 0.000010
0.996696 0.000010 0.003234 0.000010 0.000010 0.000010 0.000010 0.000010 0.000010
0.111977 0.000010 0.026435 0.000010 0.000010 0.000012 0.824333 0.037203 0.000010
0.000014 0.262051 0.000010 0.582364 0.000010 0.034144 0.121387 0.000010 0.000010
0.987669 0.000010 0.000010 0.000010 0.000010 0.000010 0.012261 0.000010 0.000010
0.014482 0.057497 0.000010 0.000010 0.000010 0.010506 0.913926 0.003549 0.000010
0.044354 0.000010 0.035872 0.000010 0.683782 0.062807 0.105821 0.042828 0.024515
0.000010 0.283496 0.000010 0.604861 0.000013 0.014101 0.097489 0.000010 0.000010
0.000010 0.265207 0.000010 0.562255 0.000010 0.083385 0.089103 0.000010 0.000010
0.000010 0.000010 0.000010 0.999920 0.000010 0.000010 0.000010 0.000010 0.000010
0.000010 0.296342 0.000010 0.615786 0.000016 0.007836 0.079980 0.000010 0.000010
0.056252 0.000010 0.012797 0.000010 0.000010 0.000010 0.930891 0.000010 0.000010
0.002341 0.324130 0.000010 0.634057 0.000010 0.000027 0.021676 0.017739 0.000010
0.027818 0.014194 0.003692 0.000439 0.122462 0.059001 0.736388 0.027073 0.008933
0.000010 0.000010 0.000010 0.000010 0.000010 0.000010 0.999920 0.000010 0.000010
0.098151 0.004545 0.071188 0.000010 0.000010 0.016116 0.802735 0.007234 0.000010
0.024450 0.000010 0.010141 0.005706 0.146593 0.000010 0.704591 0.030132 0.078367
0.000010 0.223131 0.000010 0.569719 0.000010 0.068101 0.139000 0.000010 0.000010
0.013506 0.014876 0.000010 0.000010 0.070677 0.109977 0.785190 0.000010 0.005744
0.999920 0.000010 0.000010 0.000010 0.000010 0.000010 0.000010 0.000010 0.000010
0.024494 0.000010 0.015266 0.000010 0.543898 0.004949 0.271786 0.045329 0.094259
0.049048 0.000010 0.034758 0.000010 0.671472 0.116887 0.067250 0.058395 0.002170
0.118587 0.017346 0.146368 0.000010 0.000010 0.045187 0.367095 0.207158 0.098239
0.000010 0.018189 0.000010 0.000010 0.000010 0.025964 0.955787 0.000010 0.000010
0.083027 0.020780 0.016027 0.000010 0.018688 0.020759 0.794484 0.046215 0.000010
0.000015 0.000010 0.999906 0.000019 0.000010 0.000010 0.000010 0.000010 0.000010
0.000010 0.000010 0.999911 0.000010 0.000014 0.000010 0.000015 0.000010 0.000010
0.066989 0.005476 0.051591 0.000010 0.026048 0.019587 0.819368 0.010921 0.000010
0.000010 0.087487 0.011244 0.000010 0.038729 0.802292 0.000010 0.001892 0.058326
0.999920 0.000010 0.000010 0.000010 0.000010 0.000010 0.000010 0.000010 0.000010
0.045613 0.000010 0.530546 0.000010 0.040438 0.000010 0.334239 0.049124 0.000010
0.057499 0.030722 0.012089 0.000010 0.030412 0.024363 0.792485 0.052410 0.000010
0.000010 0.040806 0.000010 0.000010 0.357086 0.108412 0.420649 0.000010 0.073007
0.010026 0.000010 0.043846 0.000010 0.080261 0.075582 0.668150 0.122104 0.000010
0.017841 0.001821 0.073580 0.002645 0.104195 0.094502 0.543036 0.162370 0.000010
0.005878 0.000010 0.025644 0.000010 0.000010 0.000010 0.937085 0.031343 0.000010
0.000010 0.790714 0.005450 0.000010 0.026273 0.005595 0.049649 0.019596 0.102703
0.000010 0.292123 0.000010 0.603525 0.000013 0.021638 0.082661 0.000010 0.000010
0.072489 0.071307 0.023752 0.000010 0.000010 0.019453 0.783548 0.029422 0.000010
0.061746 0.018655 0.030206 0.000010 0.038919 0.003545 0.834954 0.011954 0.000010
0.029452 0.000010 0.071216 0.000010 0.131088 0.087267 0.541609 0.139338 0.000010
0.000010 0.000010 0.000010 0.000010 0.000010 0.999920 0.000010 0.000010 0.000010
0.000010 0.000010 0.999920 0.000010 0.000010 0.000010 0.000010 0.000010 0.000010
0.000010 0.116947 0.016853 0.003194 0.111500 0.089757 0.397858 0.208752 0.055129
0.032848 0.000010 0.010903 0.000010 0.000010 0.000010 0.940013 0.016187 0.000010
0.083986 0.000010 0.015025 0.000010 0.000010 0.031627 0.844501 0.024822 0.000010
0.104045 0.015099 0.155586 0.000177 0.272153 0.111664 0.164096 0.177170 0.000010
0.000010 0.000010 0.000010 0.000010 0.000010 0.022595 0.966851 0.000010 0.010494
0.000010 0.016457 0.012032 0.000010 0.057377 0.068751 0.787234 0.048007 0.010122
0.000010 0.137327 0.043300 0.005678 0.165793 0.086391 0.194314 0.358553 0.008635
0.000010 0.000010 0.999920 0.000010 0.000010 0.000010 0.000010 0.000010 0.000010
0.000010 0.014018 0.000010 0.000012 0.000015 0.000010 0.000010 0.000010 0.985906
0.000016 0.000010 0.000010 0.000010 0.000010 0.000010 0.000010 0.000010 0.999914
0.013379 0.064743 0.027950 0.007811 0.128264 0.040999 0.429621 0.227005 0.060228
0.000010 0.035948 0.009275 0.000010 0.016721 0.000010 0.937996 0.000020 0.000010
0.000010 0.000010 0.000010 0.000010 0.000010 0.000010 0.999920 0.000010 0.000010
0.046794 0.000010 0.029903 0.000010 0.074450 0.002469 0.838430 0.007924 0.000010
0.000010 0.000010 0.000010 0.999920 0.000010 0.000010 0.000010 0.000010 0.000010
0.000887 0.022175 0.030454 0.000010 0.136119 0.093502 0.610295 0.068931 0.037626
0.004709 0.007171 0.026453 0.000010 0.008741 0.048194 0.631605 0.144001 0.129115
0.000010 0.000010 0.000010 0.000010 0.000010 0.000010 0.999920 0.000010 0.000010
0.000010 0.000010 0.999920 0.000010 0.000010 0.000010 0.000010 0.000010 0.000010
0.000010 0.094909 0.029132 0.000010 0.217134 0.104309 0.210284 0.328281 0.015932
0.003697 0.044622 0.004409 0.000010 0.154247 0.119336 0.315537 0.321853 0.036290
0.292146 0.000010 0.045121 0.000010 0.123819 0.113283 0.050593 0.375008 0.000010
0.000010 0.000010 0.000010 0.999920 0.000010 0.000010 0.000010 0.000010 0.000010
0.000426 0.000010 0.007472 0.001780 0.170636 0.144149 0.642605 0.023133 0.009790
0.000010 0.000010 0.000010 0.999920 0.000010 0.000010 0.000010 0.000010 0.000010
0.432193 0.000010 0.052593 0.000010 0.101569 0.112362 0.054750 0.246502 0.000010
0.016618 0.223066 0.022125 0.563016 0.070914 0.059003 0.004222 0.041025 0.000010
0.000010 0.000010 0.000010 0.000010 0.000010 0.000010 0.013174 0.000010 0.986756
0.999919 0.000010 0.000010 0.000010 0.000011 0.000010 0.000010 0.000010 0.000010
0.000010 0.126288 0.000010 0.000010 0.284729 0.068002 0.411449 0.000010 0.109492
0.012066 0.188261 0.024880 0.545719 0.109926 0.074425 0.019925 0.024790 0.000010
0.000014 0.000012 0.000010 0.000010 0.000010 0.000011 0.000011 0.999912 0.000010
0.000010 0.000010 0.000010 0.000010 0.000010 0.000010 0.997803 0.000010 0.002127
0.000010 0.000010 0.000010 0.000010 0.000010 0.000010 0.999920 0.000010 0.000010
0.000010 0.999919 0.000010 0.000010 0.000010 0.000010 0.000011 0.000010 0.000010
0.001550 0.040643 0.008845 0.003202 0.102832 0.080266 0.569118 0.100257 0.093287
0.000010 0.091418 0.009557 0.002770 0.077503 0.050200 0.300745 0.232188 0.235609
0.000010 0.000010 0.000010 0.000010 0.000010 0.000010 0.999920 0.000010 0.000010
0.270107 0.000010 0.039305 0.004838 0.127120 0.094133 0.130591 0.333886 0.000010
0.000010 0.007551 0.000010 0.000010 0.000010 0.002784 0.986063 0.000010 0.003552
0.000010 0.000010 0.000010 0.000010 0.000010 0.955534 0.016971 0.027435 0.000010
0.000010 0.073670 0.013473 0.000611 0.119451 0.075205 0.433987 0.171549 0.112044
0.101407 0.000010 0.000010 0.000010 0.000010 0.000010 0.000010 0.898523 0.000010
0.234348 0.021085 0.068536 0.000010 0.204794 0.069554 0.068995 0.327162 0.005515
0.000010 0.052794 0.083000 0.004825 0.213973 0.088589 0.242122 0.286508 0.028178
0.000010 0.000011 0.014533 0.000010 0.138846 0.748751 0.037767 0.055851 0.004221
0.006137 0.006771 0.018559 0.000010 0.049178 0.060316 0.818264 0.040756 0.000010
0.192085 0.000010 0.048113 0.000010 0.247077 0.079818 0.100025 0.332852 0.000010
0.019028 0.003283 0.030099 0.000010 0.557342 0.036758 0.232500 0.069630 0.051352
0.022844 0.027980 0.000010 0.000010 0.000010 0.000010 0.000010 0.949116 0.000010
0.000010 0.000010 0.000010 0.000010 0.000010 0.000010 0.999920 0.000010 0.000010
0.999918 0.000010 0.000010 0.000010 0.000010 0.000010 0.000010 0.000011 0.000010
0.000010 0.000010 0.000010 0.000010 0.000010 0.000010 0.000010 0.999920 0.000010
0.186844 0.000010 0.106678 0.222474 0.214033 0.028512 0.068323 0.173117 0.000010
0.017571 0.000010 0.005410 0.003010 0.482878 0.025197 0.356966 0.040370 0.068590
0.000010 0.000010 0.000010 0.000010 0.000010 0.000010 0.000010 0.999920 0.000010
0.024403 0.028014 0.011304 0.000817 0.014186 0.046129 0.617773 0.118950 0.138423
0.000010 0.068577 0.000010 0.004126 0.298904 0.040359 0.464026 0.005934 0.118054
0.000010 0.000010 0.000217 0.000010 0.005243 0.000010 0.942914 0.000010 0.051575
0.000010 0.017008 0.000010 0.000010 0.079406 0.014439 0.814004 0.014312 0.060801
0.000010 0.000011 0.000010 0.000010 0.084981 0.027931 0.882940 0.000010 0.004098
0.000010 0.132533 0.000010 0.006598 0.000010 0.025148 0.045441 0.004993 0.785257
0.009201 0.000010 0.000010 0.000010 0.000010 0.000010 0.935708 0.028069 0.026971
0.999920 0.000010 0.000010 0.000010 0.000010 0.000010 0.000010 0.000010 0.000010
0.000010 0.000010 0.000010 0.000010 0.000010 0.000010 0.000010 0.000010 0.999920
0.000010 0.017415 0.000010 0.000010 0.127015 0.000010 0.116188 0.000010 0.739332
0.000010 0.038360 0.041919 0.000010 0.815273 0.000010 0.043343 0.013252 0.047823
0.097192 0.000010 0.227590 0.000010 0.308280 0.079627 0.054434 0.232848 0.000010
0.045999 0.204149 0.006413 0.566634 0.112973 0.031084 0.015430 0.017307 0.000010
0.000010 0.105958 0.000010 0.011789 0.111019 0.000010 0.118008 0.000010 0.653186
0.000010 0.005588 0.000010 0.000010 0.061220 0.007679 0.830067 0.008371 0.087045
0.000010 0.095124 0.000010 0.000010 0.074364 0.027351 0.055117 0.000010 0.748004
0.000010 0.044914 0.021596 0.006431 0.298975 0.140760 0.312003 0.128833 0.046478
0.000010 0.033405 0.017379 0.000602 0.836408 0.000010 0.046626 0.000010 0.065550
0.000010 0.035061 0.001251 0.001583 0.369348 0.068215 0.436549 0.000010 0.087974
0.000010 0.009374 0.010291 0.002395 0.196863 0.111974 0.556357 0.101052 0.011683
0.000131 0.028335 0.000010 0.000010 0.000010 0.000010 0.000010 0.000010 0.971473
0.019348 0.000010 0.021919 0.000010 0.066189 0.000010 0.888726 0.003777 0.000010
0.012902 0.037073 0.007781 0.000010 0.092820 0.119626 0.170772 0.472452 0.086564
0.999907 0.000014 0.000017 0.000010 0.000012 0.000010 0.000010 0.000010 0.000010
0.000011 0.000010 0.999917 0.000011 0.000011 0.000010 0.000010 0.000010 0.000010
0.000010 0.100440 0.003160 0.000010 0.000010 0.025069 0.000010 0.000010 0.871281
0.042818 0.013383 0.164012 0.023158 0.306527 0.145461 0.110898 0.174786 0.018957
0.000010 0.112920 0.000011 0.000010 0.000010 0.038507 0.000010 0.000010 0.848512
0.055237 0.054185 0.000010 0.000010 0.000010 0.000010 0.000010 0.890518 0.000010
0.000010 0.061541 0.020011 0.011358 0.263089 0.041640 0.340068 0.000010 0.262271
0.000010 0.118612 0.000010 0.002356 0.086916 0.000010 0.076820 0.008954 0.706311
0.000010 0.085001 0.000010 0.004914 0.151258 0.000010 0.123273 0.000010 0.635514
0.000010 0.030067 0.000010 0.000010 0.000010 0.000010 0.000010 0.000010 0.969863
0.047968 0.000010 0.134276 0.020428 0.345606 0.127261 0.106402 0.204951 0.013098
0.000010 0.042241 0.000010 0.000010 0.083157 0.000010 0.116595 0.000010 0.757958
0.000010 0.019056 0.002405 0.001000 0.211758 0.097238 0.592889 0.075633 0.000010
0.000010 0.123898 0.000010 0.006018 0.156826 0.009781 0.089916 0.000010 0.613530
0.000011 0.000010 0.000010 0.000010 0.000010 0.000010 0.000010 0.999919 0.000010
0.014423 0.026649 0.102700 0.008857 0.189777 0.077195 0.252925 0.296390 0.031084
0.021974 0.013289 0.045202 0.001903 0.228434 0.035181 0.416605 0.057023 0.180388
0.000010 0.000010 0.000010 0.000010 0.000010 0.000010 0.000010 0.999920 0.000010
0.000010 0.000018 0.000010 0.000014 0.000010 0.000010 0.999908 0.000010 0.000010
0.277093 0.000010 0.033702 0.000010 0.204962 0.061260 0.081805 0.338443 0.002715
0.000010 0.022445 0.000010 0.000010 0.050242 0.031418 0.062700 0.000010 0.833155
0.000010 0.000010 0.000010 0.000010 0.000010 0.000010 0.999920 0.000010 0.000010
0.000010 0.023512 0.039025 0.000114 0.206729 0.084684 0.315527 0.298501 0.031898
0.018517 0.032867 0.054235 0.008004 0.213483 0.094586 0.513650 0.060628 0.004030
0.013419 0.026066 0.041877 0.002891 0.218512 0.111336 0.468661 0.063024 0.054215
0.000010 0.000010 0.000010 0.000010 0.000010 0.000010 0.000010 0.000010 0.999920
0.000010 0.021836 0.093788 0.006531 0.205396 0.097406 0.254936 0.307036 0.013061
0.292377 0.000010 0.034967 0.000010 0.169685 0.084766 0.061501 0.333970 0.022713
0.309922 0.000010 0.036927 0.002361 0.093627 0.089014 0.107662 0.352059 0.008418
0.374684 0.000010 0.049570 0.004536 0.073657 0.060149 0.078434 0.358950 0.000010
0.000010 0.020692 0.015885 0.000010 0.048701 0.059526 0.780861 0.056570 0.017744
0.038455 0.000010 0.000010 0.000010 0.000010 0.000010 0.000010 0.961475 0.000010
0.000010 0.999920 0.000010 0.000010 0.000010 0.000010 0.000010 0.000010 0.000010
0.000010 0.506794 0.000010 0.000010 0.037602 0.015904 0.000010 0.000010 0.439650
0.000010 0.999917 0.000013 0.000010 0.000010 0.000010 0.000010 0.000010 0.000010
0.000010 0.000010 0.000010 0.000010 0.000010 0.999920 0.000010 0.000010 0.000010
0.000010 0.999919 0.000010 0.000011 0.000010 0.000010 0.000010 0.000010 0.000010
0.000010 0.000010 0.000010 0.000010 0.000010 0.999920 0.000010 0.000010 0.000010
0.000010 0.000010 0.000010 0.000010 0.000010 0.999911 0.000010 0.000019 0.000010
0.000010 0.068564 0.000015 0.000010 0.000010 0.000010 0.000010 0.000010 0.931361
0.000010 0.000010 0.000010 0.000010 0.000010 0.000010 0.000010 0.000010 0.999920
0.000010 0.999914 0.000010 0.000010 0.000010 0.000010 0.000016 0.000010 0.000010
0.000010 0.000010 0.000010 0.000010 0.000010 0.000010 0.000010 0.000010 0.999920
0.000010 0.999912 0.000010 0.000010 0.000010 0.000010 0.000018 0.000010 0.000010
0.113388 0.022582 0.026623 0.000010 0.181186 0.168568 0.122284 0.307402 0.057957
0.000010 0.000010 0.007912 0.000010 0.101784 0.813455 0.055639 0.009531 0.011650
0.000010 0.000010 0.000010 0.000010 0.000010 0.000010 0.015398 0.000010 0.984532
0.000529 0.000010 0.010159 0.000010 0.050073 0.865093 0.034273 0.039842 0.000010
0.000010 0.000010 0.000010 0.000010 0.000010 0.999920 0.000010 0.000010 0.000010
0.000010 0.109379 0.012450 0.000010 0.162817 0.127104 0.224336 0.320488 0.043406
0.000010 0.085178 0.011872 0.000010 0.174237 0.119226 0.244729 0.364728 0.000010
0.000010 0.000010 0.000010 0.000010 0.000010 0.999920 0.000010 0.000010 0.000010
0.000010 0.071803 0.008170 0.000010 0.167762 0.120558 0.287684 0.286864 0.057139
0.000010 0.999918 0.000010 0.000010 0.000010 0.000012 0.000010 0.000010 0.000010
0.018230 0.276573 0.000010 0.609462 0.001381 0.058481 0.000386 0.035467 0.000010
0.002494 0.000394 0.003026 0.000010 0.049730 0.904957 0.027179 0.012200 0.000010
0.000010 0.999916 0.000014 0.000010 0.000010 0.000010 0.000010 0.000010 0.000010
0.000010 0.000010 0.000016 0.000010 0.070401 0.892480 0.030578 0.006485 0.000010
0.000010 0.999919 0.000010 0.000011 0.000010 0.000010 0.000010 0.000010 0.000010
0.000010 0.000010 0.000010 0.000010 0.000010 0.994851 0.005079 0.000010 0.000010
0.000010 0.000010 0.000010 0.000010 0.000010 0.999920 0.000010 0.000010 0.000010
0.000010 0.000010 0.000010 0.000010 0.000010 0.999920 0.000010 0.000010 0.000010
0.006194 0.328822 0.000010 0.624841 0.000010 0.022068 0.018035 0.000010 0.000010
0.000010 0.000010 0.999920 0.000010 0.000010 0.000010 0.000010 0.000010 0.000010
0.007008 0.329398 0.000010 0.619119 0.000010 0.026897 0.015241 0.002308 0.000010
0.000010 0.000285 0.000010 0.000010 0.000010 0.000010 0.000010 0.000010 0.999645
0.000010 0.000010 0.000010 0.000010 0.000010 0.999920 0.000010 0.000010 0.000010
0.017343 0.279159 0.000010 0.600648 0.002937 0.074740 0.000010 0.025142 0.000010
0.000010 0.000010 0.000010 0.000010 0.000010 0.999920 0.000010 0.000010 0.000010
0.000010 0.291362 0.000010 0.612534 0.000010 0.000010 0.096044 0.000010 0.000010
0.000010 0.022997 0.000010 0.000010 0.000010 0.000010 0.000010 0.000010 0.976933
0.000010 0.000010 0.000010 0.000010 0.000010 0.999920 0.000010 0.000010 0.000010
0.000010 0.000010 0.000010 0.000010 0.000010 0.999920 0.000010 0.000010 0.000010
0.000010 0.000010 0.999920 0.000010 0.000010 0.000010 0.000010 0.000010 0.000010
0.000010 0.000010 0.000010 0.000010 0.000010 0.000010 0.999920 0.000010 0.000010
0.002265 0.004090 0.011530 0.000010 0.083138 0.009179 0.858866 0.000010 0.030911
0.000010 0.043376 0.026054 0.000497 0.232096 0.118020 0.319396 0.257494 0.003057
0.000010 0.034676 0.036745 0.000010 0.222939 0.112591 0.246003 0.331752 0.015274
0.018523 0.000010 0.001473 0.000975 0.158611 0.097551 0.655953 0.054709 0.012195
0.000010 0.029296 0.003093 0.001904 0.344848 0.073172 0.452167 0.006778 0.088732
0.000010 0.009422 0.012241 0.000010 0.371552 0.088628 0.407976 0.033189 0.076972
0.999920 0.000010 0.000010 0.000010 0.000010 0.000010 0.000010 0.000010 0.000010
0.000010 0.000010 0.013997 0.000010 0.000010 0.000010 0.972603 0.013340 0.000010
0.999912 0.000018 0.000010 0.000010 0.000010 0.000010 0.000010 0.000010 0.000010
0.000010 0.141317 0.000010 0.012276 0.292790 0.046368 0.103532 0.007067 0.396631
0.000010 0.028810 0.017400 0.000010 0.291011 0.151526 0.316274 0.133364 0.061594
0.000010 0.000010 0.000010 0.000010 0.000010 0.000010 0.999920 0.000010 0.000010
0.006826 0.035635 0.029563 0.000612 0.850825 0.017129 0.055334 0.004067 0.000010
0.000010 0.000010 0.999920 0.000010 0.000010 0.000010 0.000010 0.000010 0.000010
0.000010 0.000010 0.043973 0.000010 0.029412 0.063865 0.810095 0.052615 0.000010
0.999907 0.000010 0.000015 0.000010 0.000018 0.000010 0.000010 0.000010 0.000010
0.000010 0.028703 0.007527 0.000010 0.895429 0.050446 0.000459 0.017407 0.000010
0.000010 0.057591 0.000010 0.000010 0.369448 0.052535 0.387952 0.041687 0.090757
0.000010 0.094237 0.000010 0.000010 0.139189 0.102436 0.324540 0.270722 0.068846
0.125249 0.000307 0.088999 0.005928 0.082158 0.072765 0.414935 0.209650 0.000010
0.000010 0.000012 0.000010 0.000010 0.000010 0.000010 0.999918 0.000010 0.000010
0.021413 0.123173 0.023185 0.002417 0.076213 0.000010 0.090809 0.009145 0.653634
0.001703 0.063981 0.015196 0.000870 0.732822 0.015377 0.071111 0.049700 0.049240
0.000010 0.000010 0.034101 0.000010 0.000010 0.000010 0.965829 0.000010 0.000010
0.000010 0.009410 0.002768 0.000010 0.053669 0.041843 0.843541 0.000010 0.048739
0.000010 0.191015 0.005469 0.000010 0.045944 0.711041 0.000515 0.000010 0.045985
0.000010 0.000010 0.999920 0.000010 0.000010 0.000010 0.000010 0.000010 0.000010
0.000010 0.000013 0.000010 0.000010 0.000010 0.999916 0.000010 0.000011 0.000010
0.000010 0.000010 0.001768 0.000010 0.000010 0.000010 0.964586 0.033586 0.000010
0.000010 0.000010 0.000010 0.000010 0.000010 0.000010 0.999920 0.000010 0.000010
0.999920 0.000010 0.000010 0.000010 0.000010 0.000010 0.000010 0.000010 0.000010
0.000010 0.007345 0.000010 0.000010 0.000010 0.004379 0.950006 0.037108 0.001121
0.000010 0.120724 0.015565 0.000010 0.003627 0.739443 0.000010 0.011070 0.109542
0.000010 0.000010 0.000010 0.000010 0.000010 0.000010 0.999920 0.000010 0.000010
0.000010 0.000010 0.999912 0.000010 0.000018 0.000010 0.000010 0.000010 0.000010
0.000010 0.000010 0.000010 0.000010 0.000010 0.000010 0.000010 0.999920 0.000010
0.000010 0.000010 0.999920 0.000010 0.000010 0.000010 0.000010 0.000010 0.000010
0.000010 0.031768 0.047359 0.000010 0.175524 0.035269 0.299443 0.385607 0.025010
0.000010 0.000010 0.000010 0.000010 0.000010 0.000010 0.999920 0.000010 0.000010
0.027141 0.000010 0.033798 0.003793 0.242398 0.097179 0.470793 0.055112 0.069777
0.000010 0.098035 0.000010 0.010045 0.287196 0.088905 0.388810 0.051365 0.075624
0.000010 0.000010 0.999920 0.000010 0.000010 0.000010 0.000010 0.000010 0.000010
0.000010 0.000010 0.000010 0.000010 0.000010 0.000010 0.000010 0.999920 0.000010
0.000010 0.283026 0.000010 0.598272 0.000010 0.021912 0.096740 0.000010 0.000010
0.000010 0.000010 0.000010 0.000010 0.040670 0.000010 0.943930 0.015341 0.000010
0.009878 0.015368 0.009230 0.003209 0.149719 0.107533 0.608433 0.049171 0.047458
0.000010 0.000010 0.000010 0.000010 0.000010 0.981202 0.018719 0.000019 0.000010
0.000010 0.118538 0.000010 0.003492 0.324106 0.065633 0.350420 0.017038 0.120753
0.000017 0.000010 0.000010 0.000010 0.000010 0.000010 0.999913 0.000010 0.000010
0.000010 0.000010 0.000010 0.000010 0.000010 0.999920 0.000010 0.000010 0.000010
0.010855 0.000010 0.962978 0.000010 0.000010 0.000010 0.000013 0.026104 0.000010
0.006365 0.313729 0.000010 0.618148 0.000010 0.005240 0.034067 0.022421 0.000010
0.968837 0.000010 0.000010 0.000010 0.000010 0.000010 0.000010 0.031093 0.000010
0.006759 0.318504 0.000010 0.617217 0.000010 0.009102 0.030811 0.017576 0.000010
0.000010 0.000010 0.999920 0.000010 0.000010 0.000010 0.000010 0.000010 0.000010
0.999920 0.000010 0.000010 0.000010 0.000010 0.000010 0.000010 0.000010 0.000010
0.044910 0.026550 0.167957 0.020240 0.259685 0.095680 0.182844 0.178953 0.023181
0.022186 0.000010 0.025149 0.000010 0.015851 0.011865 0.860352 0.064568 0.000010
0.000015 0.218718 0.000011 0.005942 0.052562 0.000010 0.079288 0.000010 0.643444
0.008979 0.000010 0.000010 0.000130 0.285157 0.161246 0.382688 0.027429 0.134352
0.000010 0.000010 0.000010 0.000010 0.000010 0.000010 0.999920 0.000010 0.000010
0.015997 0.217834 0.000010 0.544674 0.093459 0.096921 0.000010 0.031085 0.000010
0.000010 0.000010 0.000010 0.000010 0.000010 0.999920 0.000010 0.000010 0.000010
0.000010 0.052956 0.018405 0.002700 0.360348 0.106084 0.399986 0.009150 0.050362
0.013264 0.092848 0.092956 0.010176 0.183106 0.080980 0.197105 0.318496 0.011069
0.011965 0.050056 0.007109 0.009515 0.234960 0.166768 0.436919 0.000010 0.082696
0.000013 0.000010 0.000010 0.000010 0.000010 0.000010 0.999917 0.000010 0.000010
0.000010 0.033868 0.000010 0.004878 0.316188 0.046669 0.501661 0.006677 0.090038
0.000010 0.000010 0.000010 0.000010 0.011963 0.000010 0.987967 0.000010 0.000010
0.001627 0.021837 0.000010 0.000010 0.064873 0.000010 0.001150 0.000010 0.910472
0.999920 0.000010 0.000010 0.000010 0.000010 0.000010 0.000010 0.000010 0.000010
0.000010 0.022690 0.000010 0.002114 0.370391 0.055621 0.442951 0.027118 0.079095
0.004556 0.066710 0.000010 0.009094 0.319297 0.147781 0.364762 0.000010 0.087780
0.000010 0.000010 0.000010 0.000010 0.000010 0.000010 0.999920 0.000010 0.000010
0.001553 0.014150 0.009094 0.014335 0.186471 0.122825 0.529029 0.019913 0.102630
0.001878 0.046237 0.002640 0.000010 0.313632 0.110296 0.466943 0.010047 0.048317
0.003977 0.041909 0.013381 0.011681 0.310443 0.061322 0.259360 0.035008 0.262919
0.000010 0.022534 0.044159 0.007174 0.268107 0.160725 0.355441 0.036037 0.105814
0.000010 0.027762 0.018463 0.003068 0.384052 0.117658 0.349383 0.056002 0.043602
0.000010 0.000010 0.000010 0.000010 0.000016 0.000011 0.999912 0.000010 0.000010
0.027538 0.000010 0.910085 0.000010 0.019666 0.000010 0.024143 0.018527 0.000010
0.003218 0.000010 0.000356 0.000010 0.018694 0.002110 0.946384 0.029208 0.000010
0.002295 0.016600 0.001899 0.000243 0.053170 0.842502 0.051651 0.009617 0.022023
0.000010 0.026316 0.000010 0.000010 0.021837 0.000010 0.934418 0.000010 0.017378
0.419322 0.000010 0.068069 0.000010 0.121149 0.101980 0.065567 0.223882 0.000010
0.072635 0.000010 0.079189 0.002133 0.236278 0.090314 0.265492 0.253939 0.000010
0.000010 0.020406 0.000010 0.000010 0.227003 0.075127 0.534744 0.041664 0.101026
0.007321 0.000010 0.039653 0.000010 0.100004 0.103088 0.656835 0.093068 0.000010
0.013730 0.067711 0.006386 0.000219 0.420661 0.049773 0.325312 0.051029 0.065178
0.000227 0.000010 0.005889 0.001574 0.264243 0.063482 0.563078 0.080816 0.020682
0.026464 0.000010 0.055779 0.000011 0.102512 0.081160 0.524046 0.210009 0.000010
0.000010 0.090592 0.002644 0.004222 0.329197 0.077155 0.398615 0.020313 0.077253
0.000010 0.000010 0.000010 0.000010 0.000010 0.000010 0.999920 0.000010 0.000010
0.000010 0.000011 0.000010 0.000010 0.000010 0.000010 0.999919 0.000010 0.000010
0.047267 0.026672 0.103670 0.024588 0.393821 0.036409 0.146513 0.067293 0.153767
0.058797 0.002938 0.052129 0.000010 0.036559 0.009236 0.772377 0.052757 0.015196
0.007444 0.000010 0.009468 0.000010 0.000010 0.018526 0.962109 0.002413 0.000010
0.000010 0.028330 0.017330 0.002282 0.220059 0.105001 0.540858 0.048662 0.037468
0.000010 0.067206 0.000010 0.000011 0.133172 0.026424 0.240341 0.000010 0.532816
0.000010 0.000010 0.000010 0.000010 0.000010 0.000010 0.999920 0.000010 0.000010
0.000010 0.039604 0.003328 0.005111 0.226512 0.152561 0.492474 0.043100 0.037301
0.000010 0.016475 0.000010 0.003674 0.208812 0.148279 0.520447 0.030360 0.071933
0.000010 0.000010 0.041339 0.000010 0.065314 0.075028 0.748666 0.014360 0.055263
0.058065 0.027161 0.074390 0.002429 0.334744 0.089794 0.220418 0.147415 0.045583
0.000010 0.000010 0.999920 0.000010 0.000010 0.000010 0.000010 0.000010 0.000010
0.000010 0.000010 0.000010 0.000010 0.015978 0.000010 0.983951 0.000010 0.000010
0.000010 0.000010 0.000010 0.000010 0.000010 0.000010 0.999920 0.000010 0.000010
0.925187 0.000010 0.000010 0.000010 0.000010 0.000010 0.000010 0.074743 0.000010
0.074342 0.000010 0.016599 0.000010 0.000010 0.033384 0.032292 0.843343 0.000010
0.000010 0.059658 0.004498 0.002307 0.864699 0.024898 0.007879 0.035491 0.000560
0.000010 0.103918 0.000010 0.000010 0.003052 0.016377 0.044584 0.000010 0.832029
0.015159 0.028813 0.093068 0.005876 0.198150 0.106823 0.277378 0.200845 0.073889
0.085456 0.000010 0.254544 0.000010 0.277929 0.075227 0.091788 0.215027 0.000010
0.000010 0.149446 0.010032 0.004000 0.120983 0.011951 0.065456 0.000010 0.638113
0.000010 0.000010 0.999919 0.000010 0.000010 0.000011 0.000010 0.000010 0.000010
0.000010 0.088158 0.000020 0.017965 0.054492 0.005049 0.161104 0.000010 0.673193
0.011465 0.000010 0.004831 0.006482 0.141356 0.091618 0.618211 0.059414 0.066612
0.036594 0.003291 0.090765 0.000873 0.119253 0.088020 0.502278 0.158916 0.000010
0.000010 0.000010 0.999918 0.000011 0.000010 0.000010 0.000011 0.000010 0.000010
0.007302 0.027386 0.032126 0.000010 0.655726 0.041326 0.186979 0.049135 0.000010
0.000010 0.000010 0.999920 0.000010 0.000010 0.000010 0.000010 0.000010 0.000010
0.055128 0.012614 0.132304 0.007278 0.260111 0.158400 0.183226 0.172362 0.018576
0.000010 0.136946 0.000010 0.006491 0.061629 0.006724 0.070761 0.017610 0.699820
0.000010 0.000010 0.000010 0.000010 0.000010 0.000010 0.999920 0.000010 0.000010
0.000010 0.000010 0.000010 0.000010 0.000010 0.999919 0.000011 0.000010 0.000010
0.017810 0.281306 0.000010 0.598543 0.008596 0.070141 0.000010 0.023574 0.000010
0.000010 0.024183 0.000010 0.000010 0.047552 0.031708 0.050730 0.000010 0.845788
0.000010 0.000010 0.000010 0.000010 0.000010 0.999915 0.000010 0.000015 0.000010
0.000010 0.999914 0.000015 0.000010 0.000010 0.000010 0.000011 0.000010 0.000010
0.000010 0.000010 0.000010 0.000010 0.000010 0.999914 0.000015 0.000012 0.000010
0.000010 0.999902 0.000020 0.000018 0.000010 0.000010 0.000010 0.000010 0.000010
0.000018 0.087816 0.000010 0.001720 0.131641 0.051769 0.118706 0.000010 0.608309
0.000010 0.000010 0.000010 0.000010 0.000010 0.000010 0.000010 0.000010 0.999920
0.032155 0.103823 0.004338 0.013064 0.109757 0.009083 0.098294 0.002149 0.627335
0.000010 0.025401 0.000061 0.000010 0.047621 0.036492 0.050026 0.000010 0.840369
0.000010 0.915376 0.000010 0.000010 0.000010 0.000010 0.044426 0.000010 0.040137
0.007086 0.333165 0.000010 0.631548 0.000019 0.020684 0.007467 0.000010 0.000010
0.000010 0.999920 0.000010 0.000010 0.000010 0.000010 0.000010 0.000010 0.000010
0.000010 0.098275 0.000010 0.000010 0.070913 0.000010 0.055211 0.000010 0.775551
0.000010 0.031928 0.006032 0.000010 0.000010 0.104467 0.549910 0.046138 0.261496
0.000010 0.077287 0.000010 0.000010 0.060164 0.000010 0.095422 0.000010 0.767077
0.000010 0.052194 0.000010 0.000010 0.000010 0.089947 0.620733 0.072639 0.164447
0.000012 0.100374 0.000010 0.000010 0.070229 0.000010 0.058579 0.000010 0.770766
0.031914 0.002968 0.027983 0.000010 0.000203 0.080131 0.608065 0.054875 0.193852
0.000010 0.000010 0.000010 0.000010 0.000010 0.999918 0.000012 0.000010 0.000010
0.115367 0.000010 0.209696 0.000010 0.284081 0.094677 0.102206 0.193944 0.000010
0.000010 0.035928 0.000010 0.000010 0.000010 0.000010 0.000010 0.000010 0.964002
0.117053 0.000010 0.208409 0.000010 0.284121 0.087988 0.105067 0.197332 0.000010
0.000010 0.047485 0.000019 0.000010 0.000010 0.000010 0.000010 0.000010 0.952436
0.000010 0.000010 0.004567 0.000010 0.000010 0.000010 0.006977 0.000010 0.988396
0.000010 0.000010 0.000010 0.000010 0.000010 0.999920 0.000010 0.000010 0.000010
0.000010 0.294613 0.000010 0.609656 0.000010 0.065948 0.000010 0.029733 0.000010
0.000010 0.004014 0.000010 0.000010 0.000010 0.987720 0.008206 0.000010 0.000010
0.000010 0.000010 0.000010 0.000010 0.000010 0.999916 0.000010 0.000014 0.000010
0.000010 0.000010 0.000010 0.000010 0.000010 0.999914 0.000010 0.000016 0.000010
0.000010 0.000010 0.000010 0.000010 0.000010 0.515920 0.484010 0.000010 0.000010
0.000010 0.000010 0.000010 0.000010 0.000010 0.000010 0.000010 0.000010 0.999920
0.000010 0.007995 0.000010 0.000010 0.000010 0.000010 0.013286 0.000010 0.978659
0.000010 0.000010 0.000010 0.000010 0.000010 0.999920 0.000010 0.000010 0.000010
0.000010 0.004881 0.000010 0.000010 0.000010 0.000010 0.020609 0.000010 0.974450
0.000010 0.000010 0.000010 0.000010 0.000010 0.999920 0.000010 0.000010 0.000010
0.021951 0.006605 0.099087 0.003752 0.400253 0.159047 0.132823 0.176471 0.000010
0.011013 0.073874 0.012539 0.000010 0.834218 0.000014 0.000010 0.026445 0.041878
0.000010 0.084876 0.000010 0.000010 0.816718 0.027062 0.000010 0.008258 0.063045
0.030369 0.023535 0.047628 0.000979 0.709778 0.145341 0.031950 0.010409 0.000010
0.005738 0.013529 0.004442 0.000010 0.738034 0.095816 0.086085 0.010904 0.045442
0.000010 0.070710 0.000010 0.000010 0.852909 0.000010 0.000010 0.000010 0.076321
0.006325 0.039126 0.000010 0.000010 0.954489 0.000010 0.000010 0.000010 0.000010
0.000010 0.050712 0.002761 0.002167 0.361644 0.060102 0.292910 0.045069 0.184624
0.000010 0.083768 0.000010 0.000010 0.916162 0.000010 0.000010 0.000010 0.000010
0.000010 0.028332 0.000010 0.000010 0.969049 0.000010 0.000010 0.000010 0.002558
0.027071 0.003228 0.023885 0.000010 0.664172 0.082673 0.090464 0.000010 0.108487
0.032632 0.027049 0.016524 0.000010 0.917221 0.000010 0.000281 0.006263 0.000010
0.000010 0.000010 0.000010 0.000010 0.000010 0.000010 0.000010 0.000010 0.999920
0.018408 0.000010 0.008028 0.000010 0.942279 0.013326 0.011450 0.006479 0.000010
0.000010 0.000010 0.000010 0.000010 0.000010 0.994220 0.000010 0.000010 0.005710
0.007446 0.034439 0.000010 0.000010 0.848515 0.044950 0.000010 0.009559 0.055062
0.002828 0.000010 0.000010 0.000010 0.016250 0.980860 0.000012 0.000010 0.000010
0.000010 0.045745 0.000010 0.000010 0.010893 0.929955 0.000010 0.000010 0.013358
0.030119 0.012071 0.017988 0.001504 0.396581 0.103451 0.239166 0.051235 0.147885
0.003966 0.028468 0.027921 0.003388 0.376704 0.081647 0.260941 0.043541 0.173423
0.000010 0.036960 0.000010 0.000010 0.917488 0.000010 0.000010 0.000010 0.045492
0.000010 0.060400 0.014274 0.004291 0.340639 0.137488 0.227060 0.016160 0.199678
0.000010 0.019407 0.000010 0.000010 0.975902 0.000010 0.004630 0.000010 0.000010
0.000010 0.057664 0.000012 0.000010 0.881319 0.000785 0.002659 0.019019 0.038521
0.007730 0.029150 0.006817 0.000010 0.768600 0.030233 0.033526 0.011017 0.112919
0.016415 0.022965 0.017640 0.000010 0.905913 0.002710 0.000010 0.034327 0.000010
0.024615 0.027820 0.025846 0.000010 0.727312 0.057850 0.114321 0.009850 0.012375
0.043526 0.035262 0.028254 0.000010 0.728752 0.067377 0.047042 0.000010 0.049767
0.005416 0.000010 0.000010 0.000010 0.895868 0.021214 0.077451 0.000010 0.000010
0.000010 0.000010 0.000010 0.000010 0.000010 0.000010 0.000010 0.000010 0.999920
0.002231 0.039947 0.036597 0.005360 0.362522 0.135144 0.192986 0.211169 0.014045
0.000010 0.000010 0.000010 0.000010 0.000010 0.999920 0.000010 0.000010 0.000010
0.009379 0.027200 0.132330 0.004277 0.334850 0.212231 0.116475 0.160712 0.002546
0.000010 0.000010 0.999920 0.000010 0.000010 0.000010 0.000010 0.000010 0.000010
0.000019 0.000010 0.004697 0.000010 0.941161 0.004855 0.047314 0.001924 0.000010
0.000010 0.000010 0.999920 0.000010 0.000010 0.000010 0.000010 0.000010 0.000010
0.000010 0.000010 0.000010 0.000010 0.000010 0.000010 0.000010 0.000010 0.999920
0.000010 0.000015 0.000010 0.000010 0.000010 0.000010 0.000010 0.000010 0.999915
0.000010 0.000010 0.000010 0.000010 0.000010 0.000010 0.000010 0.000010 0.999920
0.000010 0.000010 0.000010 0.000010 0.000010 0.999919 0.000010 0.000010 0.000010
0.000010 0.000010 0.000010 0.000010 0.000010 0.999920 0.000010 0.000010 0.000010
0.000010 0.000014 0.000010 0.000010 0.000010 0.000010 0.000010 0.000010 0.999916
0.000010 0.000010 0.000010 0.000010 0.000010 0.000010 0.000010 0.000010 0.999920
0.000010 0.000010 0.000010 0.000010 0.000010 0.000010 0.000010 0.000010 0.999920
0.000010 0.000010 0.000010 0.000010 0.000010 0.999920 0.000010 0.000010 0.000010
0.000010 0.000010 0.999920 0.000010 0.000010 0.000010 0.000010 0.000010 0.000010
0.000010 0.000010 0.000010 0.000010 0.000010 0.999920 0.000010 0.000010 0.000010
0.000010 0.000010 0.000010 0.000010 0.000010 0.999920 0.000010 0.000010 0.000010
