0.000010 0.000010 0.000010 0.000010 0.999940 0.000010 0.000010
0.423514 0.083308 0.101170 0.100881 0.200102 0.030967 0.060058
0.330685 0.151439 0.208789 0.000010 0.187277 0.008842 0.112958
0.372993 0.030707 0.000010 0.141982 0.143335 0.310963 0.000010
0.060595 0.000010 0.086918 0.807504 0.000010 0.044952 0.000010
0.230734 0.041528 0.517356 0.016353 0.068814 0.004591 0.120624
0.254791 0.166850 0.423391 0.000010 0.086105 0.000010 0.068842
0.337679 0.058718 0.133420 0.244144 0.127557 0.059448 0.039034
0.355093 0.030264 0.129145 0.200667 0.117431 0.046886 0.120515
0.414315 0.079942 0.066046 0.151223 0.124270 0.057278 0.106927
0.352850 0.098372 0.178211 0.024575 0.111357 0.015414 0.219220
0.459582 0.085421 0.151178 0.041798 0.150035 0.050672 0.061315
0.211080 0.108725 0.474417 0.027355 0.075457 0.000010 0.102956
0.349474 0.143075 0.188179 0.013698 0.127473 0.010773 0.167328
0.140784 0.464543 0.230883 0.000010 0.067564 0.003902 0.092314
0.355260 0.265306 0.071167 0.000010 0.214458 0.000010 0.093789
0.714913 0.030966 0.129934 0.000010 0.071115 0.000010 0.053053
0.846047 0.000010 0.040387 0.072845 0.000010 0.000010 0.040691
0.226458 0.114388 0.461662 0.000010 0.066538 0.000010 0.130935
0.427001 0.040237 0.186028 0.148794 0.121168 0.047116 0.029657
0.338704 0.252855 0.103649 0.000010 0.202997 0.000394 0.101390
0.377597 0.138345 0.149049 0.007025 0.133838 0.018992 0.175156
0.014344 0.030781 0.917202 0.000010 0.024466 0.000010 0.013187
0.000010 0.000010 0.999940 0.000010 0.000010 0.000010 0.000010
0.291834 0.424016 0.112247 0.000010 0.011196 0.000010 0.160687
0.000010 0.999940 0.000010 0.000010 0.000010 0.000010 0.000010
0.049361 0.077095 0.814115 0.001752 0.019110 0.000010 0.038557
0.000010 0.000010 0.999940 0.000010 0.000010 0.000010 0.000010
0.117228 0.020594 0.829883 0.000010 0.020179 0.000010 0.012096
0.049822 0.078660 0.749108 0.122380 0.000010 0.000010 0.000010
0.176401 0.563049 0.091406 0.000010 0.070378 0.000010 0.098745
0.257736 0.446359 0.077460 0.049560 0.055999 0.000010 0.112876
0.000010 0.000277 0.966436 0.033247 0.000010 0.000010 0.000010
0.340407 0.358188 0.050253 0.000120 0.057102 0.000010 0.193920
0.276359 0.271628 0.076302 0.000010 0.111217 0.212206 0.052277
0.070333 0.111023 0.791526 0.000010 0.015517 0.000010 0.011582
0.000010 0.000013 0.000010 0.000014 0.999932 0.000010 0.000010
0.000010 0.043421 0.904055 0.014532 0.008154 0.000010 0.029818
0.297231 0.418880 0.112731 0.000010 0.014798 0.000010 0.156340
0.000010 0.000010 0.947472 0.024967 0.000010 0.000010 0.027521
0.277119 0.171357 0.124295 0.140871 0.082053 0.010185 0.194121
0.000010 0.000013 0.000010 0.000014 0.999933 0.000011 0.000010
0.265259 0.000010 0.089466 0.009873 0.000010 0.607429 0.027953
0.000010 0.999940 0.000010 0.000010 0.000010 0.000010 0.000010
0.000010 0.999940 0.000010 0.000010 0.000010 0.000010 0.000010
0.268337 0.452426 0.078984 0.000010 0.033808 0.000010 0.166425
0.000010 0.999940 0.000010 0.000010 0.000010 0.000010 0.000010
0.000010 0.999940 0.000010 0.000010 0.000010 0.000010 0.000010
0.276499 0.265793 0.078966 0.000010 0.109866 0.215331 0.053535
0.000010 0.000011 0.999935 0.000013 0.000010 0.000010 0.000010
0.082360 0.109002 0.749733 0.044616 0.014268 0.000010 0.000010
0.000010 0.000010 0.000010 0.000010 0.000010 0.999940 0.000010
0.000010 0.999931 0.000019 0.000010 0.000010 0.000010 0.000010
0.061646 0.088247 0.771115 0.000015 0.065515 0.000010 0.013452
0.000010 0.999940 0.000010 0.000010 0.000010 0.000010 0.000010
0.000010 0.000010 0.000010 0.000010 0.000010 0.999940 0.000010
0.006319 0.038482 0.910030 0.007381 0.009340 0.000010 0.028439
0.000010 0.000010 0.000010 0.000010 0.000010 0.999940 0.000010
0.353056 0.445589 0.040304 0.000010 0.017202 0.000010 0.143829
0.022900 0.039088 0.350290 0.000010 0.574660 0.000010 0.013042
0.000010 0.999940 0.000010 0.000010 0.000010 0.000010 0.000010
0.000010 0.000018 0.000010 0.000010 0.000010 0.999932 0.000010
0.000010 0.000010 0.000010 0.000010 0.000010 0.999940 0.000010
0.000010 0.999934 0.000012 0.000011 0.000014 0.000010 0.000010
0.000010 0.000010 0.000010 0.000010 0.999940 0.000010 0.000010
0.000010 0.999940 0.000010 0.000010 0.000010 0.000010 0.000010
0.000010 0.000010 0.000010 0.000010 0.000010 0.999940 0.000010
0.000010 0.000010 0.000010 0.000010 0.000010 0.999940 0.000010
0.001661 0.911508 0.064350 0.000010 0.022452 0.000010 0.000010
0.000010 0.999931 0.000019 0.000010 0.000010 0.000010 0.000010
0.000010 0.000010 0.000010 0.000010 0.000010 0.999940 0.000010
0.000010 0.000010 0.000010 0.000010 0.999940 0.000010 0.000010
0.000010 0.000010 0.000010 0.000010 0.999940 0.000010 0.000010
0.000010 0.000010 0.000010 0.000010 0.000010 0.999940 0.000010
0.256836 0.000010 0.132901 0.023330 0.000010 0.586903 0.000010
0.000010 0.000010 0.209850 0.000010 0.000010 0.790100 0.000010
0.000010 0.000010 0.000010 0.000010 0.000010 0.999940 0.000010
0.000010 0.000010 0.000010 0.000010 0.000010 0.999940 0.000010
0.000010 0.000010 0.000010 0.000010 0.999940 0.000010 0.000010
0.328900 0.449584 0.084100 0.000010 0.011500 0.000010 0.125896
0.000010 0.923554 0.076396 0.000010 0.000010 0.000010 0.000010
0.196205 0.052034 0.520680 0.065635 0.019610 0.000010 0.145827
0.000010 0.956015 0.043935 0.000010 0.000010 0.000010 0.000010
0.000010 0.000010 0.000010 0.000010 0.000010 0.999940 0.000010
0.076492 0.042407 0.808030 0.025950 0.035302 0.000010 0.011808
0.101288 0.000010 0.664824 0.216202 0.009322 0.008345 0.000010
0.000010 0.000010 0.000019 0.999931 0.000010 0.000010 0.000010
0.006860 0.059834 0.907820 0.000010 0.025455 0.000010 0.000010
0.000010 0.995313 0.000010 0.000010 0.004637 0.000010 0.000010
0.000600 0.128946 0.832227 0.000010 0.032513 0.000010 0.005694
0.232745 0.000010 0.139080 0.038694 0.000010 0.576335 0.013127
0.000010 0.986017 0.013933 0.000010 0.000010 0.000010 0.000010
0.000010 0.013933 0.915505 0.064881 0.000010 0.000010 0.005651
0.705981 0.058959 0.109778 0.014398 0.041045 0.000010 0.069829
0.243067 0.000010 0.130500 0.016891 0.000010 0.598241 0.011281
0.240623 0.000010 0.088934 0.068734 0.000010 0.554817 0.046872
0.000010 0.000010 0.000010 0.000010 0.000010 0.999940 0.000010
0.306433 0.000010 0.091689 0.000010 0.000010 0.601838 0.000010
0.000010 0.054365 0.931343 0.000010 0.014252 0.000010 0.000010
0.356349 0.000010 0.029092 0.000010 0.000010 0.614519 0.000010
0.142130 0.033585 0.739122 0.017473 0.005816 0.001608 0.060266
0.000010 0.000010 0.999940 0.000010 0.000010 0.000010 0.000010
0.000010 0.099461 0.805715 0.000010 0.074512 0.000010 0.020282
0.166584 0.035477 0.711612 0.067090 0.012997 0.006231 0.000010
0.277075 0.000010 0.138459 0.000010 0.000010 0.562532 0.021904
0.073032 0.009340 0.785918 0.020066 0.000010 0.000010 0.111624
0.000010 0.999940 0.000010 0.000010 0.000010 0.000010 0.000010
0.559228 0.043850 0.279410 0.084089 0.019850 0.001115 0.012459
0.701913 0.069651 0.068352 0.000414 0.039660 0.000010 0.120000
0.069246 0.203583 0.390528 0.103901 0.155518 0.000010 0.077214
0.002367 0.000010 0.959825 0.006691 0.000010 0.000010 0.031087
0.060319 0.097844 0.796951 0.000010 0.018502 0.000010 0.026364
0.000010 0.000010 0.000010 0.000010 0.999940 0.000010 0.000010
0.000010 0.000010 0.000010 0.000010 0.999940 0.000010 0.000010
0.043965 0.067203 0.816091 0.000010 0.053369 0.000010 0.019352
0.043132 0.000010 0.000010 0.143735 0.010539 0.000010 0.802563
0.000010 0.999940 0.000010 0.000010 0.000010 0.000010 0.000010
0.057114 0.065301 0.337714 0.000010 0.533252 0.000010 0.006599
0.075267 0.075125 0.796730 0.007016 0.014960 0.000010 0.030892
0.378321 0.000010 0.417345 0.101297 0.000010 0.000650 0.102367
0.132897 0.052686 0.676458 0.000014 0.049671 0.000010 0.088264
0.177996 0.070471 0.554259 0.000010 0.083035 0.002740 0.111488
0.000010 0.019340 0.947135 0.000010 0.033485 0.000010 0.000010
0.050126 0.000017 0.023491 0.895484 0.013003 0.000010 0.017870
0.308742 0.000010 0.097008 0.002533 0.000010 0.591686 0.000010
0.044140 0.078869 0.779996 0.057457 0.023912 0.000010 0.015617
0.062606 0.063924 0.836417 0.000010 0.031976 0.000010 0.005057
0.189418 0.077255 0.551122 0.000010 0.079009 0.000010 0.103176
0.000010 0.000017 0.000010 0.000013 0.000010 0.000010 0.999930
0.000010 0.000010 0.000010 0.000010 0.999940 0.000010 0.000010
0.227524 0.053972 0.414188 0.160052 0.029631 0.004849 0.109784
0.000010 0.037364 0.944946 0.000013 0.015167 0.000010 0.002489
0.008545 0.091979 0.844745 0.000010 0.018758 0.000010 0.035952
0.359054 0.171580 0.174017 0.001375 0.163946 0.001188 0.128840
0.000010 0.000010 0.971018 0.004111 0.000010 0.000010 0.024832
0.086117 0.003627 0.795720 0.021097 0.017321 0.000010 0.076108
0.354615 0.096845 0.217487 0.131492 0.067313 0.007153 0.125096
0.000010 0.000010 0.000010 0.000010 0.999940 0.000010 0.000010
0.000010 0.000010 0.005665 0.994285 0.000010 0.000010 0.000010
0.000010 0.009458 0.057741 0.932762 0.000010 0.000010 0.000010
0.236930 0.096138 0.445158 0.109537 0.037530 0.007583 0.067124
0.013799 0.000010 0.937757 0.034485 0.008788 0.000010 0.005152
0.000010 0.000010 0.999940 0.000010 0.000010 0.000010 0.000010
0.079731 0.048978 0.836371 0.000010 0.030851 0.000010 0.004049
0.000010 0.000010 0.000010 0.000010 0.000010 0.999940 0.000010
0.172261 0.022929 0.616181 0.052834 0.034236 0.000010 0.101549
0.067259 0.058246 0.652881 0.117475 0.034072 0.000010 0.070057
0.000010 0.000010 0.999940 0.000010 0.000010 0.000010 0.000010
0.000010 0.000010 0.000010 0.000010 0.999940 0.000010 0.000010
0.380553 0.104448 0.231023 0.094895 0.047172 0.002094 0.139815
0.298237 0.118691 0.339919 0.059694 0.020140 0.000010 0.163309
0.260537 0.441930 0.075440 0.000010 0.059335 0.000010 0.162738
0.000010 0.000010 0.000010 0.000010 0.000010 0.999940 0.000010
0.190188 0.005629 0.645180 0.000010 0.010179 0.001567 0.147246
0.000010 0.000010 0.000010 0.000010 0.000010 0.999940 0.000010
0.188615 0.538034 0.067191 0.000010 0.061579 0.000010 0.144562
0.381034 0.013256 0.002534 0.000010 0.016857 0.559121 0.027188
0.000010 0.000010 0.080699 0.919251 0.000010 0.000010 0.000010
0.000010 0.999940 0.000010 0.000010 0.000010 0.000010 0.000010
0.301639 0.000010 0.407154 0.227083 0.000010 0.000010 0.064094
0.387216 0.001880 0.008722 0.000010 0.021932 0.541831 0.038410
0.362367 0.406196 0.040760 0.000010 0.022479 0.000010 0.168178
0.000010 0.000010 0.999940 0.000010 0.000010 0.000010 0.000010
0.000010 0.000010 0.999936 0.000013 0.000010 0.000010 0.000010
0.000010 0.000010 0.000010 0.999940 0.000010 0.000010 0.000010
0.156389 0.038517 0.580171 0.118559 0.012859 0.002612 0.090893
0.208399 0.052330 0.330100 0.288569 0.031204 0.006066 0.083333
0.000010 0.000010 0.999933 0.000017 0.000010 0.000010 0.000010
0.247160 0.401557 0.154778 0.000010 0.050239 0.004468 0.141787
0.000010 0.000010 0.986141 0.010069 0.000010 0.000010 0.003750
0.010468 0.006631 0.025597 0.000012 0.000010 0.000010 0.957272
0.210762 0.054527 0.450262 0.166799 0.022491 0.001168 0.093991
0.256546 0.484464 0.085729 0.000010 0.030609 0.000010 0.142632
0.339088 0.361846 0.086844 0.021763 0.079965 0.000010 0.110484
0.359484 0.087336 0.263916 0.061607 0.100480 0.006660 0.120517
0.172360 0.011592 0.041019 0.000359 0.019361 0.000010 0.755298
0.074567 0.016420 0.821533 0.000911 0.022062 0.000010 0.064497
0.371250 0.325236 0.119485 0.000010 0.060368 0.000010 0.123642
0.587133 0.044549 0.235897 0.050472 0.035069 0.000580 0.046299
0.374003 0.363374 0.054770 0.017431 0.050737 0.000010 0.139676
0.000010 0.000010 0.999940 0.000010 0.000010 0.000010 0.000010
0.000010 0.999940 0.000010 0.000010 0.000010 0.000010 0.000010
0.367704 0.414210 0.011405 0.000010 0.037944 0.000010 0.168718
0.280964 0.259995 0.078798 0.000010 0.114505 0.219881 0.045847
0.507028 0.031178 0.359106 0.059677 0.009147 0.003511 0.030354
0.289991 0.376518 0.129875 0.000011 0.011537 0.000010 0.192058
0.065821 0.067186 0.635912 0.146797 0.015476 0.001713 0.067096
0.323569 0.000010 0.463561 0.170874 0.000010 0.004264 0.037712
0.005481 0.000010 0.945757 0.047146 0.001586 0.000010 0.000010
0.096266 0.001170 0.818613 0.068998 0.000010 0.000010 0.014933
0.080221 0.000010 0.883066 0.005963 0.000010 0.000010 0.030720
0.000010 0.000010 0.082088 0.876821 0.000010 0.007525 0.033536
0.019552 0.017118 0.944619 0.015727 0.000010 0.000010 0.002964
0.000010 0.999940 0.000010 0.000010 0.000010 0.000010 0.000010
0.000010 0.004672 0.051809 0.943479 0.000010 0.000010 0.000010
0.154073 0.000010 0.156505 0.686526 0.000010 0.002156 0.000721
0.835131 0.000010 0.042368 0.075963 0.046507 0.000010 0.000010
0.391253 0.190331 0.069519 0.000010 0.239097 0.000010 0.109780
0.414861 0.024451 0.002325 0.000010 0.000010 0.558333 0.000010
0.137045 0.000010 0.143267 0.708034 0.000010 0.011624 0.000010
0.068900 0.000010 0.835672 0.087378 0.000010 0.000010 0.008020
0.085620 0.000010 0.088198 0.797157 0.000010 0.000010 0.028996
0.382678 0.039650 0.319106 0.075410 0.028027 0.005224 0.149906
0.845573 0.000010 0.046016 0.086327 0.020688 0.001376 0.000010
0.381872 0.000010 0.434335 0.116010 0.000824 0.002554 0.064394
0.254452 0.027325 0.564794 0.012243 0.017028 0.002170 0.121988
0.000010 0.024496 0.000010 0.975454 0.000010 0.000010 0.000010
0.076027 0.015928 0.884987 0.000010 0.023028 0.000010 0.000010
0.294848 0.187572 0.208334 0.097029 0.030102 0.000010 0.182104
0.000013 0.999937 0.000010 0.000010 0.000010 0.000010 0.000010
0.000010 0.000010 0.000010 0.000010 0.999940 0.000010 0.000010
0.000010 0.000010 0.024581 0.929793 0.008291 0.000010 0.037305
0.384654 0.109779 0.122565 0.024719 0.170944 0.022707 0.164632
0.000010 0.000010 0.000010 0.933851 0.007907 0.000010 0.058202
0.267217 0.396653 0.101361 0.052781 0.049868 0.000372 0.131748
0.278660 0.000010 0.348470 0.300537 0.020252 0.011828 0.040243
0.116511 0.000010 0.106156 0.774038 0.000010 0.003265 0.000010
0.174642 0.000010 0.150947 0.669259 0.000010 0.005122 0.000010
0.000010 0.000010 0.034810 0.965140 0.000010 0.000010 0.000010
0.426275 0.126207 0.122506 0.009999 0.143080 0.020182 0.151751
0.103023 0.000010 0.160146 0.736189 0.000010 0.000612 0.000010
0.262826 0.022879 0.599148 0.001625 0.007259 0.000860 0.105403
0.172375 0.000010 0.114724 0.698294 0.000010 0.005879 0.008708
0.329931 0.406178 0.074676 0.000010 0.023413 0.000010 0.165781
0.333352 0.122210 0.273003 0.037125 0.114898 0.010283 0.109129
0.268160 0.041997 0.423894 0.179079 0.047635 0.001934 0.037301
0.371129 0.413795 0.021589 0.000010 0.042901 0.000010 0.150566
0.000010 0.000010 0.999940 0.000010 0.000010 0.000010 0.000010
0.327500 0.415081 0.105400 0.000010 0.046578 0.000010 0.105421
0.082566 0.000010 0.099982 0.785431 0.000010 0.000010 0.031990
0.000010 0.000010 0.999936 0.000014 0.000010 0.000010 0.000010
0.358486 0.093774 0.338344 0.027908 0.058166 0.002580 0.120743
0.253501 0.036183 0.514965 0.027435 0.058598 0.008086 0.101232
0.254163 0.035037 0.473055 0.072524 0.045817 0.002665 0.116739
0.000010 0.000010 0.022874 0.977076 0.000010 0.000010 0.000010
0.359035 0.103030 0.279593 0.009088 0.109830 0.008317 0.131108
0.299801 0.426961 0.093006 0.000010 0.047775 0.000010 0.132437
0.211217 0.460579 0.134394 0.000010 0.050893 0.002266 0.140642
0.194580 0.528913 0.102478 0.000010 0.064572 0.001577 0.107870
0.087035 0.000010 0.793644 0.028142 0.023747 0.000010 0.067412
0.338286 0.421320 0.050794 0.000010 0.053438 0.000010 0.136142
0.000010 0.000010 0.000010 0.999940 0.000010 0.000010 0.000010
0.046625 0.000010 0.000010 0.934247 0.000010 0.000010 0.019088
0.000010 0.000010 0.000010 0.999940 0.000010 0.000010 0.000010
0.000010 0.000010 0.000016 0.000010 0.000015 0.000010 0.999929
0.000010 0.000010 0.000010 0.999940 0.000010 0.000010 0.000010
0.000010 0.000010 0.000010 0.000010 0.000010 0.000010 0.999940
0.000010 0.000010 0.000012 0.000010 0.000010 0.000010 0.999938
0.000010 0.000010 0.000010 0.999940 0.000010 0.000010 0.000010
0.000010 0.000014 0.060842 0.939104 0.000010 0.000010 0.000010
0.000010 0.000010 0.000010 0.999940 0.000010 0.000010 0.000010
0.000010 0.000010 0.046856 0.953094 0.000010 0.000010 0.000010
0.000010 0.000010 0.000010 0.999940 0.000010 0.000010 0.000010
0.295682 0.233353 0.149843 0.072610 0.040527 0.000010 0.207975
0.113387 0.000010 0.056848 0.007650 0.009391 0.000010 0.812704
0.000010 0.000010 0.061638 0.938312 0.000010 0.000010 0.000010
0.070358 0.013832 0.035380 0.000010 0.012330 0.000010 0.868081
0.000010 0.000010 0.000010 0.000010 0.000010 0.000010 0.999940
0.359754 0.060078 0.248081 0.124216 0.039710 0.000010 0.168151
0.386021 0.094231 0.268520 0.050214 0.034390 0.000010 0.166614
0.000010 0.000010 0.000010 0.000010 0.000010 0.000010 0.999940
0.338870 0.053541 0.313487 0.095909 0.036162 0.000407 0.161623
0.000010 0.000010 0.000010 0.999940 0.000010 0.000010 0.000010
0.398139 0.002227 0.000638 0.002818 0.000010 0.596158 0.000010
0.062240 0.004837 0.025571 0.000010 0.003489 0.000010 0.903844
0.000010 0.000010 0.000010 0.999940 0.000010 0.000010 0.000010
0.075646 0.000010 0.030693 0.000010 0.001331 0.000010 0.892300
0.000010 0.000010 0.000010 0.999940 0.000010 0.000010 0.000010
0.000010 0.000010 0.006016 0.000010 0.000010 0.000010 0.993934
0.000010 0.000010 0.000010 0.000010 0.000010 0.000010 0.999940
0.000010 0.000010 0.000010 0.000010 0.000010 0.000010 0.999940
0.361743 0.000010 0.029883 0.000010 0.000010 0.608334 0.000010
0.000010 0.000010 0.000010 0.000010 0.999940 0.000010 0.000010
0.370859 0.000010 0.026739 0.000010 0.000010 0.602362 0.000010
0.000010 0.000010 0.000010 0.999940 0.000010 0.000010 0.000010
0.000010 0.000010 0.000014 0.000010 0.000010 0.000010 0.999936
0.391214 0.000010 0.000010 0.010030 0.000010 0.587201 0.011525
0.000010 0.000010 0.000010 0.000015 0.000014 0.000010 0.999930
0.257602 0.000010 0.134827 0.002472 0.000010 0.605070 0.000010
0.000010 0.000010 0.027818 0.972132 0.000010 0.000010 0.000010
0.000010 0.000010 0.000010 0.000010 0.000010 0.000010 0.999940
0.000010 0.000010 0.000010 0.000014 0.000010 0.000010 0.999936
0.000010 0.000010 0.000010 0.000010 0.999940 0.000010 0.000010
0.000010 0.000010 0.999935 0.000015 0.000010 0.000010 0.000010
0.083630 0.000369 0.859521 0.034013 0.012019 0.000010 0.010438
0.385103 0.050098 0.342312 0.016444 0.051498 0.003139 0.151406
0.388978 0.102532 0.266648 0.031495 0.055564 0.000010 0.154773
0.187202 0.035512 0.661018 0.007707 0.004884 0.001493 0.102183
0.362116 0.000010 0.450498 0.111357 0.003725 0.002307 0.069988
0.402359 0.004969 0.409253 0.077492 0.016236 0.000010 0.089680
0.000010 0.999940 0.000010 0.000010 0.000010 0.000010 0.000010
0.000010 0.001716 0.980542 0.000010 0.017702 0.000010 0.000010
0.000010 0.999940 0.000010 0.000010 0.000010 0.000010 0.000010
0.315892 0.000010 0.115421 0.510144 0.000010 0.011469 0.047054
0.369478 0.036289 0.328262 0.071674 0.027686 0.000613 0.165997
0.000010 0.000010 0.999940 0.000010 0.000010 0.000010 0.000010
0.858170 0.006961 0.050827 0.035356 0.031849 0.001316 0.015522
0.000010 0.000010 0.000010 0.000010 0.999940 0.000010 0.000010
0.053570 0.015508 0.814515 0.000010 0.048120 0.000010 0.068267
0.000010 0.999940 0.000010 0.000010 0.000010 0.000010 0.000010
0.907923 0.001275 0.000010 0.028952 0.011836 0.000010 0.049994
0.419054 0.000379 0.392684 0.132883 0.000010 0.000010 0.054979
0.306483 0.047440 0.348726 0.137323 0.017956 0.000010 0.142061
0.165279 0.205223 0.430781 0.000010 0.098373 0.005647 0.094689
0.000010 0.000010 0.999937 0.000010 0.000013 0.000010 0.000010
0.096437 0.025884 0.119844 0.732051 0.022900 0.002874 0.000010
0.767912 0.016439 0.071672 0.102054 0.019463 0.000010 0.022450
0.000010 0.000010 0.965324 0.000010 0.034626 0.000010 0.000010
0.057348 0.000010 0.843540 0.055952 0.002515 0.000010 0.040625
0.043258 0.000010 0.000010 0.238932 0.003030 0.000010 0.714749
0.000010 0.000010 0.000010 0.000010 0.999940 0.000010 0.000010
0.000010 0.000010 0.000013 0.000016 0.000010 0.000010 0.999931
0.000343 0.010524 0.979255 0.000010 0.009849 0.000010 0.000010
0.000010 0.000010 0.999940 0.000010 0.000010 0.000010 0.000010
0.000010 0.999940 0.000010 0.000010 0.000010 0.000010 0.000010
0.000010 0.001893 0.961388 0.006281 0.009081 0.000010 0.021337
0.001555 0.001055 0.000010 0.231736 0.017253 0.000010 0.748381
0.000010 0.000010 0.999940 0.000010 0.000010 0.000010 0.000010
0.000010 0.000010 0.000010 0.000010 0.999940 0.000010 0.000010
0.339208 0.452101 0.052522 0.025260 0.023328 0.000010 0.107570
0.000010 0.000010 0.000010 0.000010 0.999940 0.000010 0.000010
0.356105 0.121754 0.332937 0.038679 0.070550 0.000768 0.079207
0.000010 0.000010 0.999937 0.000011 0.000012 0.000011 0.000010
0.274747 0.045963 0.476801 0.058089 0.037475 0.003644 0.103280
0.342354 0.007814 0.390468 0.157813 0.000010 0.010194 0.091345
0.000010 0.000010 0.000010 0.000010 0.999940 0.000010 0.000010
0.323471 0.442556 0.073078 0.000010 0.026472 0.000010 0.134403
0.246020 0.000010 0.126917 0.022374 0.000010 0.590728 0.013940
0.053929 0.000010 0.946021 0.000010 0.000010 0.000010 0.000010
0.177419 0.027134 0.612409 0.055204 0.012712 0.003575 0.111547
0.000010 0.000010 0.018688 0.000010 0.000010 0.000010 0.981262
0.364949 0.000010 0.347808 0.223088 0.000010 0.002813 0.061322
0.000010 0.000010 0.999940 0.000010 0.000010 0.000010 0.000010
0.000010 0.000010 0.000010 0.000010 0.000010 0.000010 0.999940
0.000010 0.028862 0.000010 0.000010 0.971088 0.000010 0.000010
0.356103 0.000010 0.043455 0.000010 0.000010 0.600402 0.000010
0.000010 0.999940 0.000010 0.000010 0.000010 0.000010 0.000010
0.360473 0.000010 0.040087 0.000010 0.000010 0.599400 0.000010
0.000010 0.000010 0.000010 0.000010 0.999940 0.000010 0.000010
0.000010 0.999940 0.000010 0.000010 0.000010 0.000010 0.000010
0.350774 0.110894 0.194167 0.036592 0.174744 0.019532 0.113298
0.045076 0.045105 0.863095 0.000010 0.027934 0.000010 0.018770
0.065189 0.000010 0.101529 0.827931 0.000010 0.005320 0.000010
0.321402 0.015818 0.388660 0.112379 0.000010 0.000650 0.161080
0.000010 0.000010 0.999940 0.000010 0.000010 0.000010 0.000010
0.412267 0.000734 0.000010 0.000010 0.000010 0.537657 0.049312
0.000010 0.000010 0.000010 0.000010 0.000010 0.000010 0.999940
0.380931 0.000010 0.397166 0.095417 0.019416 0.003391 0.103668
0.340213 0.126201 0.214400 0.087385 0.106629 0.009512 0.115661
0.245001 0.006308 0.438366 0.126934 0.008255 0.009920 0.165215
0.000010 0.000010 0.999940 0.000010 0.000010 0.000010 0.000010
0.335667 0.000010 0.501456 0.112928 0.000010 0.005927 0.044001
0.012030 0.000010 0.987920 0.000010 0.000010 0.000010 0.000010
0.091508 0.007644 0.038434 0.859237 0.000010 0.003157 0.000010
0.000010 0.999940 0.000010 0.000010 0.000010 0.000010 0.000010
0.403881 0.000010 0.445735 0.089592 0.000010 0.003614 0.057158
0.336689 0.000570 0.364221 0.143051 0.000010 0.010279 0.145181
0.000010 0.000010 0.999940 0.000010 0.000010 0.000010 0.000010
0.210482 0.005852 0.533370 0.102573 0.011266 0.014157 0.122301
0.329338 0.002239 0.465456 0.088986 0.003746 0.000994 0.109241
0.347743 0.013994 0.269700 0.279323 0.015198 0.011395 0.062648
0.309985 0.000010 0.359255 0.113149 0.049191 0.007101 0.161309
0.424259 0.012062 0.351517 0.063267 0.024153 0.003661 0.121081
0.000010 0.000010 0.999940 0.000010 0.000010 0.000010 0.000010
0.027546 0.035719 0.025437 0.000010 0.911268 0.000010 0.000010
0.031215 0.010610 0.948564 0.000010 0.003409 0.000010 0.006183
0.060763 0.004113 0.051997 0.036085 0.002153 0.000915 0.843973
0.023867 0.000010 0.934788 0.040203 0.000010 0.000010 0.001112
0.201333 0.511136 0.080838 0.000010 0.077807 0.000010 0.128866
0.334762 0.171736 0.283369 0.000010 0.090156 0.002088 0.117878
0.262907 0.004448 0.543778 0.108743 0.000010 0.001101 0.079013
0.145420 0.038161 0.661462 0.000010 0.043754 0.000010 0.111183
0.467501 0.027686 0.324620 0.121040 0.009074 0.000010 0.050070
0.298890 0.028823 0.572590 0.010882 0.011737 0.001523 0.075556
0.194354 0.100553 0.539008 0.000010 0.065390 0.000010 0.100675
0.365007 0.000010 0.396164 0.155333 0.004633 0.004155 0.074699
0.000010 0.000010 0.999934 0.000013 0.000012 0.000010 0.000010
0.000010 0.000010 0.999940 0.000010 0.000010 0.000010 0.000010
0.443356 0.070690 0.153687 0.158739 0.107411 0.025001 0.041116
0.059316 0.076412 0.779077 0.014133 0.055507 0.000010 0.015545
0.000010 0.005089 0.964481 0.000013 0.010410 0.000010 0.019987
0.250960 0.011731 0.543561 0.058877 0.021966 0.002694 0.110212
0.151601 0.000010 0.260238 0.561154 0.000010 0.000015 0.026971
0.000010 0.000010 0.999940 0.000010 0.000010 0.000010 0.000010
0.260198 0.007499 0.496114 0.066951 0.006629 0.005665 0.156944
0.234866 0.005847 0.525488 0.078388 0.000010 0.004389 0.151011
0.081979 0.002032 0.752740 0.044249 0.042824 0.000010 0.076166
0.406979 0.111468 0.231456 0.059898 0.081896 0.002286 0.106017
0.000010 0.000010 0.000010 0.000010 0.999940 0.000010 0.000010
0.013537 0.000010 0.986413 0.000010 0.000010 0.000010 0.000010
0.000010 0.000010 0.999940 0.000010 0.000010 0.000010 0.000010
0.000010 0.990835 0.000010 0.000010 0.000010 0.000010 0.009115
0.285866 0.410153 0.092473 0.000010 0.053369 0.000010 0.158119
0.890843 0.008579 0.008504 0.052855 0.009932 0.002052 0.027234
0.023630 0.000010 0.074155 0.881225 0.000010 0.000010 0.020961
0.300032 0.085342 0.293578 0.085360 0.103789 0.006058 0.125840
0.361831 0.168713 0.105490 0.000010 0.264117 0.000010 0.099828
0.138795 0.000010 0.085348 0.750560 0.010305 0.003342 0.011640
0.000010 0.000010 0.000010 0.000010 0.999940 0.000010 0.000010
0.078995 0.000010 0.190548 0.708904 0.000010 0.018499 0.003034
0.178740 0.031534 0.626883 0.052995 0.007099 0.007141 0.095609
0.191983 0.091571 0.513099 0.000010 0.098320 0.001109 0.103908
0.000010 0.000010 0.000010 0.000010 0.999940 0.000010 0.000010
0.694537 0.021837 0.189680 0.004712 0.037330 0.001041 0.050862
0.000010 0.000010 0.000010 0.000014 0.999936 0.000010 0.000010
0.340814 0.116932 0.194549 0.023750 0.139430 0.007459 0.177065
0.092928 0.002745 0.093011 0.793473 0.000010 0.006318 0.011515
0.000010 0.000010 0.999935 0.000012 0.000013 0.000010 0.000010
0.000010 0.000010 0.000010 0.000014 0.000011 0.000010 0.999935
0.392418 0.000010 0.000010 0.016680 0.000010 0.584983 0.005890
0.080074 0.000010 0.088031 0.799940 0.000019 0.000010 0.031915
0.000010 0.000010 0.000010 0.000010 0.000010 0.000010 0.999940
0.000010 0.000010 0.000010 0.999940 0.000010 0.000010 0.000010
0.000010 0.000010 0.000010 0.000010 0.000010 0.000010 0.999940
0.000010 0.000010 0.000010 0.999940 0.000010 0.000010 0.000010
0.155384 0.000010 0.145911 0.649253 0.000010 0.001934 0.047498
0.000010 0.000010 0.000010 0.999940 0.000010 0.000010 0.000010
0.135967 0.034079 0.121072 0.684795 0.003803 0.012729 0.007554
0.078922 0.000010 0.086760 0.797033 0.000010 0.000010 0.037255
0.000010 0.000010 0.000010 0.999940 0.000010 0.000010 0.000010
0.368825 0.000010 0.018290 0.000010 0.000010 0.612845 0.000010
0.000010 0.000010 0.000010 0.999940 0.000010 0.000010 0.000010
0.100657 0.000668 0.085855 0.812790 0.000010 0.000010 0.000010
0.023220 0.009114 0.569343 0.271427 0.010490 0.000010 0.116396
0.090932 0.000010 0.129971 0.779057 0.000010 0.000010 0.000010
0.047681 0.015420 0.636948 0.194075 0.000010 0.000010 0.105857
0.100052 0.001711 0.088376 0.809831 0.000010 0.000010 0.000010
0.031507 0.051589 0.622635 0.176216 0.029659 0.000010 0.088384
0.000010 0.000010 0.000010 0.000010 0.000010 0.000010 0.999940
0.359197 0.190522 0.114551 0.000010 0.218700 0.000010 0.117009
0.000010 0.000010 0.000010 0.999940 0.000010 0.000010 0.000010
0.360632 0.193443 0.117571 0.000010 0.217610 0.000010 0.110724
0.000010 0.000010 0.000010 0.999940 0.000010 0.000010 0.000010
0.000010 0.005468 0.055183 0.931308 0.008011 0.000010 0.000010
0.000010 0.000010 0.000010 0.000010 0.000010 0.000010 0.999940
0.391690 0.000010 0.000010 0.012162 0.000010 0.594389 0.001730
0.000010 0.000010 0.010306 0.000339 0.000010 0.000010 0.989315
0.000010 0.000010 0.000010 0.000010 0.000010 0.000010 0.999940
0.000010 0.000010 0.000010 0.000010 0.000010 0.000010 0.999940
0.000010 0.000010 0.484570 0.000010 0.000010 0.000010 0.515380
0.000010 0.011018 0.000010 0.988932 0.000010 0.000010 0.000010
0.026640 0.000010 0.061582 0.911738 0.000010 0.000010 0.000010
0.000010 0.000010 0.000010 0.000010 0.000010 0.000010 0.999940
0.031945 0.000010 0.067113 0.900902 0.000010 0.000010 0.000010
0.000010 0.000010 0.000010 0.000010 0.000010 0.000010 0.999940
0.477021 0.086915 0.145788 0.000049 0.106808 0.004235 0.179184
0.845400 0.019301 0.000010 0.117922 0.017347 0.000010 0.000010
0.826596 0.000010 0.000010 0.145203 0.000010 0.000010 0.028161
0.725511 0.032268 0.031667 0.013068 0.051063 0.001386 0.145037
0.733459 0.008458 0.087413 0.063054 0.008460 0.000010 0.099146
0.857152 0.000010 0.000582 0.142226 0.000010 0.000010 0.000010
0.992022 0.004191 0.000010 0.003746 0.000010 0.000010 0.000010
0.393261 0.005414 0.303041 0.219745 0.007983 0.003443 0.067113
0.945375 0.000010 0.000010 0.054575 0.000010 0.000010 0.000010
0.960873 0.000010 0.000010 0.039077 0.000010 0.000010 0.000010
0.671249 0.024947 0.093622 0.104073 0.027091 0.000010 0.079008
0.914769 0.033165 0.000010 0.033248 0.018788 0.000010 0.000010
0.000010 0.000010 0.019778 0.971029 0.000010 0.000010 0.009153
0.948527 0.017275 0.010488 0.000010 0.011825 0.000010 0.011865
0.000010 0.000010 0.000010 0.002977 0.000010 0.000010 0.996973
0.851694 0.010318 0.000010 0.093410 0.000010 0.000010 0.044548
0.025272 0.000010 0.000010 0.000010 0.000010 0.000010 0.974678
0.010887 0.000010 0.000010 0.060071 0.000010 0.000010 0.929001
0.425767 0.048540 0.246083 0.148084 0.021396 0.001784 0.108345
0.402225 0.019754 0.269075 0.188610 0.030504 0.004011 0.085822
0.919074 0.000010 0.000010 0.080876 0.000010 0.000010 0.000010
0.359557 0.003920 0.231792 0.246683 0.015908 0.004603 0.137537
0.966692 0.000010 0.003096 0.030173 0.000010 0.000010 0.000010
0.906567 0.000010 0.002017 0.083416 0.003910 0.000010 0.004069
0.771196 0.010747 0.037105 0.139927 0.010986 0.000010 0.030029
0.937297 0.025734 0.000010 0.000010 0.024677 0.000010 0.012261
0.740905 0.025716 0.109798 0.040233 0.029117 0.000010 0.054221
0.722094 0.039602 0.045174 0.092574 0.033775 0.000010 0.066770
0.895913 0.005568 0.075549 0.000010 0.000010 0.000010 0.022940
0.000010 0.000464 0.000010 0.989476 0.000010 0.000010 0.010020
0.463290 0.080048 0.209664 0.036104 0.045480 0.006780 0.158634
0.000010 0.000010 0.000010 0.000010 0.000010 0.000010 0.999940
0.407333 0.069801 0.127074 0.020026 0.139236 0.005527 0.231003
0.000011 0.000011 0.000010 0.000010 0.999938 0.000010 0.000010
0.936007 0.000010 0.046585 0.000010 0.009545 0.000010 0.007833
0.000010 0.000010 0.000010 0.000010 0.999940 0.000010 0.000010
0.000010 0.000010 0.061977 0.937973 0.000010 0.000010 0.000010
0.000010 0.011306 0.019015 0.969639 0.000010 0.000010 0.000010
0.000010 0.000010 0.000010 0.999940 0.000010 0.000010 0.000010
0.000010 0.000010 0.000010 0.000017 0.000010 0.000010 0.999933
0.000010 0.000010 0.000010 0.000010 0.000015 0.000010 0.999935
0.000010 0.000010 0.000010 0.999940 0.000010 0.000010 0.000010
0.000010 0.000010 0.002400 0.997550 0.000010 0.000010 0.000010
0.000010 0.000010 0.000010 0.999940 0.000010 0.000010 0.000010
0.000010 0.000010 0.000010 0.000010 0.000010 0.000010 0.999940
0.000010 0.000010 0.000010 0.000010 0.999940 0.000010 0.000010
0.000010 0.000010 0.000010 0.000010 0.000010 0.000010 0.999940
0.000010 0.000010 0.000010 0.000010 0.000010 0.000010 0.999940
0.000010 0.000010 0.000010 0.000010 0.999940 0.000010 0.000010
0.000010 0.000010 0.000010 0.000010 0.000010 0.999940 0.000010
0.000010 0.000010 0.000010 0.000010 0.000010 0.000010 0.999940
0.000010 0.000010 0.000010 0.000010 0.000010 0.999940 0.000010
0.000010 0.000648 0.000010 0.000010 0.000010 0.000010 0.999302
0.000010 0.000010 0.000010 0.000010 0.999940 0.000010 0.000010
0.000010 0.000010 0.000010 0.000010 0.999940 0.000010 0.000010
0.000010 0.000010 0.000010 0.999940 0.000010 0.000010 0.000010
0.000010 0.000010 0.000010 0.999940 0.000010 0.000010 0.000010
0.000010 0.000010 0.000010 0.999940 0.000010 0.000010 0.000010
0.000010 0.000010 0.000010 0.999940 0.000010 0.000010 0.000010
0.000010 0.000010 0.000010 0.999940 0.000010 0.000010 0.000010
0.402502 0.000010 0.011355 0.007240 0.000010 0.574248 0.004635
0.854228 0.000010 0.058553 0.000665 0.028900 0.000010 0.057633
0.850166 0.003271 0.041696 0.002745 0.026944 0.000010 0.075169
0.043645 0.002911 0.020636 0.000013 0.000460 0.000010 0.932324
0.000010 0.000010 0.000010 0.000010 0.999940 0.000010 0.000010
0.927253 0.002406 0.024408 0.022735 0.004569 0.000010 0.018619
0.000010 0.000010 0.000010 0.000010 0.999940 0.000010 0.000010
0.774954 0.000010 0.077919 0.133725 0.000010 0.000576 0.012806
0.716680 0.000010 0.086519 0.104105 0.011094 0.000010 0.081583
0.012383 0.000010 0.000010 0.000010 0.000010 0.000010 0.987567
0.000010 0.000010 0.000010 0.000010 0.000010 0.000010 0.999940
0.000010 0.000017 0.000010 0.000010 0.000010 0.000010 0.999933
0.000010 0.000010 0.000010 0.000010 0.000010 0.000010 0.999940
0.000010 0.000010 0.000015 0.000010 0.000010 0.000010 0.999935
0.331422 0.210310 0.211114 0.000389 0.144872 0.001313 0.100579
0.881822 0.003443 0.049758 0.000010 0.004733 0.000010 0.060224
0.799710 0.019520 0.080415 0.000010 0.038719 0.000010 0.061616
0.000010 0.000010 0.000010 0.000010 0.999940 0.000010 0.000010
0.712481 0.029386 0.109286 0.000010 0.083086 0.000010 0.065740
0.060836 0.000010 0.111938 0.756044 0.027206 0.000010 0.043957
0.041220 0.000010 0.159111 0.755406 0.000010 0.000010 0.044233
0.000010 0.000010 0.000010 0.999940 0.000010 0.000010 0.000010
0.000010 0.000010 0.000010 0.000010 0.999940 0.000010 0.000010
0.000010 0.000010 0.000010 0.000010 0.999940 0.000010 0.000010
0.027909 0.000010 0.064424 0.897604 0.000010 0.000010 0.010033
0.249077 0.000010 0.134285 0.021741 0.000010 0.594867 0.000010
0.046913 0.000010 0.082107 0.860377 0.000010 0.000010 0.010572
0.000010 0.000010 0.000010 0.000010 0.999940 0.000010 0.000010
0.890146 0.000010 0.015313 0.067347 0.000010 0.000010 0.027164
0.813932 0.000010 0.012134 0.173894 0.000010 0.000010 0.000010
0.294779 0.179083 0.270937 0.010092 0.142820 0.003477 0.098811
0.681220 0.004099 0.153087 0.030760 0.006602 0.000010 0.124222
0.727743 0.000010 0.154059 0.000018 0.062665 0.000010 0.055495
0.000010 0.000010 0.000010 0.000010 0.999940 0.000010 0.000010
0.023448 0.000605 0.000010 0.000010 0.000010 0.000010 0.975907
0.000010 0.000010 0.014863 0.985087 0.000010 0.000010 0.000010
0.025656 0.000010 0.040373 0.000010 0.000010 0.000010 0.933932
0.091807 0.019862 0.021986 0.000016 0.006809 0.000010 0.859509
0.000010 0.000010 0.061811 0.938139 0.000010 0.000010 0.000010
0.340585 0.141631 0.188594 0.114886 0.125582 0.006054 0.082668
0.055782 0.000010 0.050030 0.894148 0.000010 0.000010 0.000010
0.272585 0.262147 0.082526 0.000010 0.108466 0.216725 0.057541
0.000010 0.000010 0.000010 0.000010 0.000010 0.999940 0.000010
0.477233 0.028066 0.313207 0.122257 0.029367 0.007687 0.022183
0.974788 0.023727 0.000010 0.000010 0.001444 0.000010 0.000010
0.320878 0.151843 0.230594 0.008938 0.146763 0.004162 0.136822
0.818092 0.000010 0.023168 0.061431 0.012127 0.005058 0.080113
0.217941 0.006733 0.016367 0.687417 0.003689 0.006141 0.061712
0.316497 0.029091 0.026161 0.606680 0.005779 0.000209 0.015583
0.437817 0.016073 0.000010 0.000010 0.000010 0.546070 0.000010
0.440716 0.013870 0.000010 0.000010 0.000010 0.545374 0.000010
0.361093 0.476300 0.019465 0.000010 0.020315 0.000010 0.122806
0.288707 0.151181 0.336572 0.018381 0.127583 0.000010 0.077566
0.370330 0.096574 0.192247 0.140622 0.116835 0.000010 0.083382
0.000010 0.000010 0.000010 0.000010 0.000010 0.999940 0.000010
0.902930 0.005486 0.015741 0.028076 0.022061 0.000010 0.025696
0.000010 0.000010 0.014219 0.985731 0.000010 0.000010 0.000010
0.496735 0.077017 0.162582 0.151696 0.063968 0.004532 0.043470
0.000010 0.053160 0.000010 0.000010 0.946790 0.000010 0.000010
0.245868 0.015595 0.056919 0.673474 0.000835 0.002872 0.004437
0.034965 0.000010 0.077489 0.866906 0.000010 0.000010 0.020610
0.044499 0.000010 0.081697 0.839188 0.004016 0.000010 0.030580
0.056564 0.000010 0.032568 0.890794 0.017157 0.000010 0.002897
0.102811 0.002772 0.264729 0.603598 0.000010 0.009138 0.016942
0.823053 0.000010 0.008037 0.114775 0.044271 0.000010 0.009844
0.784948 0.000010 0.083596 0.078624 0.041732 0.000010 0.011081
0.031376 0.000010 0.000010 0.932524 0.000010 0.000010 0.036060
0.893728 0.000014 0.069932 0.000010 0.016759 0.000010 0.019548
0.841300 0.000010 0.067514 0.031043 0.060113 0.000010 0.000010
0.062693 0.000010 0.131155 0.795154 0.000010 0.000916 0.010062
0.864876 0.007571 0.000010 0.127514 0.000010 0.000010 0.000010
0.884720 0.007409 0.000010 0.107831 0.000010 0.000010 0.000010
0.942261 0.034032 0.009890 0.013787 0.000010 0.000010 0.000010
0.103621 0.000010 0.049448 0.846891 0.000010 0.000010 0.000010
0.975445 0.024505 0.000010 0.000010 0.000010 0.000010 0.000010
0.071903 0.000010 0.099739 0.828318 0.000010 0.000010 0.000010
0.089740 0.004078 0.142363 0.763789 0.000010 0.000010 0.000010
0.933910 0.000010 0.000010 0.066040 0.000010 0.000010 0.000010
0.808792 0.000010 0.057614 0.097690 0.005654 0.000010 0.030231
0.846024 0.002222 0.051091 0.100632 0.000010 0.000010 0.000010
0.926266 0.007701 0.000010 0.023941 0.023011 0.000010 0.019061
0.030512 0.000010 0.077174 0.859888 0.000010 0.000010 0.032396
0.061538 0.000010 0.150698 0.739499 0.000010 0.000010 0.048236
0.103258 0.000010 0.090059 0.758244 0.000010 0.000010 0.048409
0.949805 0.000010 0.000010 0.050145 0.000010 0.000010 0.000010
0.000010 0.000010 0.000010 0.999940 0.000010 0.000010 0.000010
0.931721 0.014464 0.000010 0.046605 0.000010 0.000010 0.007181
0.129841 0.000010 0.191204 0.622850 0.006041 0.008652 0.041402
0.044153 0.000010 0.016924 0.884652 0.007470 0.000010 0.046781
0.203761 0.036725 0.135885 0.576914 0.000010 0.000010 0.046694
0.126959 0.006516 0.067788 0.758848 0.005513 0.001174 0.033202
0.798808 0.026316 0.042456 0.040715 0.033115 0.000010 0.058580
0.899968 0.016749 0.000010 0.008677 0.003061 0.000010 0.071525
0.818287 0.031858 0.000010 0.071165 0.052875 0.000010 0.025795
0.912292 0.018059 0.000010 0.000010 0.004971 0.000010 0.064649
0.869835 0.017687 0.003988 0.031072 0.031727 0.000010 0.045681
0.940690 0.010660 0.000010 0.000010 0.008557 0.000010 0.040063
0.107997 0.000010 0.043594 0.848369 0.000010 0.000010 0.000010
0.041900 0.000010 0.039075 0.915453 0.000010 0.000010 0.003542
0.000010 0.000010 0.104950 0.895000 0.000010 0.000010 0.000010
0.016624 0.000010 0.072597 0.892333 0.000010 0.004836 0.013590
0.784094 0.000010 0.052396 0.146683 0.000010 0.001790 0.015017
0.070813 0.000968 0.007303 0.920886 0.000010 0.000010 0.000010
0.034247 0.000010 0.075080 0.883728 0.000010 0.000010 0.006916
0.043605 0.000010 0.076113 0.869835 0.000758 0.000767 0.008913
0.185895 0.002073 0.243240 0.542932 0.000010 0.000010 0.025839
0.122728 0.000010 0.198431 0.669149 0.000010 0.000010 0.009662
0.135655 0.000010 0.245816 0.618489 0.000010 0.000010 0.000010
0.857319 0.017197 0.019707 0.048244 0.029290 0.000010 0.028233
0.014684 0.000010 0.020606 0.964670 0.000010 0.000010 0.000010
0.000010 0.000010 0.000010 0.999940 0.000010 0.000010 0.000010
0.000010 0.000010 0.096029 0.899415 0.000010 0.000010 0.004516
0.000010 0.000010 0.034348 0.965602 0.000010 0.000010 0.000010
0.916691 0.012960 0.005409 0.000833 0.007849 0.000010 0.056249
0.861474 0.033532 0.036939 0.045824 0.003639 0.000010 0.018583
0.921674 0.026028 0.000010 0.000010 0.008205 0.000010 0.044064
0.928148 0.037010 0.000010 0.000010 0.019243 0.000010 0.015568
0.000010 0.000010 0.088419 0.911531 0.000010 0.000010 0.000010
0.030432 0.000010 0.086311 0.878650 0.004576 0.000010 0.000010
0.917756 0.053783 0.000010 0.000010 0.028422 0.000010 0.000010
0.000010 0.000010 0.151638 0.848312 0.000010 0.000010 0.000010
0.066246 0.004817 0.107327 0.821580 0.000010 0.000010 0.000010
0.730035 0.027900 0.073028 0.095357 0.013902 0.000010 0.059769
0.099486 0.000010 0.084336 0.816137 0.000010 0.000010 0.000010
0.845034 0.010350 0.067885 0.012041 0.025442 0.000010 0.039239
0.710717 0.000010 0.154285 0.092176 0.000514 0.008671 0.033627
0.039654 0.000010 0.125884 0.811748 0.000010 0.000010 0.022683
0.080484 0.000010 0.017249 0.867523 0.007851 0.000010 0.026873
0.976505 0.023445 0.000010 0.000010 0.000010 0.000010 0.000010
