0.999980 0.000010 0.000010
0.447144 0.512613 0.040243
0.554099 0.430160 0.015741
0.269171 0.401197 0.329633
0.006035 0.948023 0.045942
0.368170 0.626777 0.005054
0.494946 0.505044 0.000010
0.314885 0.621051 0.064065
0.301177 0.645546 0.053277
0.380140 0.551887 0.067974
0.444669 0.534487 0.020844
0.430408 0.508349 0.061243
0.415130 0.584860 0.000010
0.490142 0.494156 0.015703
0.695665 0.299404 0.004931
0.685008 0.311225 0.003768
0.381010 0.605912 0.013078
0.203185 0.788042 0.008773
0.442014 0.557976 0.000010
0.327623 0.619241 0.053136
0.650822 0.342094 0.007084
0.502863 0.471912 0.025225
0.312796 0.687194 0.000010
0.218202 0.781788 0.000010
0.669282 0.330708 0.000010
0.999980 0.000010 0.000010
0.332952 0.667038 0.000010
0.195094 0.804896 0.000010
0.286617 0.713373 0.000010
0.275532 0.724458 0.000010
0.789327 0.210663 0.000010
0.678543 0.321447 0.000010
0.200343 0.799647 0.000010
0.653270 0.346720 0.000010
0.537340 0.242372 0.220289
0.385320 0.614670 0.000010
0.999980 0.000010 0.000010
0.256039 0.743951 0.000010
0.676365 0.323625 0.000010
0.210939 0.789051 0.000010
0.451301 0.533901 0.014799
0.999980 0.000010 0.000010
0.000010 0.380415 0.619575
0.999977 0.000013 0.000010
0.999980 0.000010 0.000010
0.717465 0.281746 0.000790
0.999977 0.000013 0.000010
0.999980 0.000010 0.000010
0.530469 0.246346 0.223186
0.197918 0.802072 0.000010
0.371780 0.628210 0.000010
0.000010 0.000010 0.999980
0.999980 0.000010 0.000010
0.398100 0.601890 0.000010
0.999980 0.000010 0.000010
0.000010 0.000010 0.999980
0.271234 0.728756 0.000010
0.000010 0.000010 0.999980
0.715570 0.284420 0.000010
0.721528 0.278462 0.000010
0.999980 0.000010 0.000010
0.000010 0.000010 0.999980
0.000010 0.000010 0.999980
0.999980 0.000010 0.000010
0.999980 0.000010 0.000010
0.999980 0.000010 0.000010
0.000010 0.000010 0.999980
0.000010 0.000010 0.999980
0.969509 0.030481 0.000010
0.999980 0.000010 0.000010
0.000010 0.000010 0.999980
0.999980 0.000010 0.000010
0.999980 0.000010 0.000010
0.000010 0.000010 0.999980
0.000010 0.403636 0.596354
0.045032 0.159912 0.795056
0.000010 0.000010 0.999980
0.000010 0.000010 0.999980
0.999980 0.000010 0.000010
0.685062 0.314928 0.000010
0.927891 0.072099 0.000010
0.307995 0.691995 0.000010
0.957282 0.042708 0.000010
0.000010 0.000010 0.999980
0.299663 0.700327 0.000010
0.175677 0.818899 0.005423
0.000010 0.999980 0.000010
0.320724 0.679266 0.000010
0.999980 0.000010 0.000010
0.410315 0.589675 0.000010
0.000010 0.414998 0.584992
0.981784 0.018206 0.000010
0.236642 0.763348 0.000010
0.366905 0.620203 0.012892
0.000010 0.392353 0.607637
0.000010 0.434102 0.565888
0.000010 0.000010 0.999980
0.014478 0.367934 0.617588
0.292363 0.707627 0.000010
0.042993 0.324030 0.632977
0.266027 0.733963 0.000010
0.200937 0.799053 0.000010
0.395421 0.604569 0.000010
0.262248 0.736046 0.001706
0.029288 0.397621 0.573091
0.230622 0.769368 0.000010
0.999980 0.000010 0.000010
0.282586 0.709803 0.007611
0.389084 0.600632 0.010284
0.510495 0.489495 0.000010
0.193541 0.806449 0.000010
0.363536 0.636454 0.000010
0.999980 0.000010 0.000010
0.999980 0.000010 0.000010
0.363871 0.636119 0.000010
0.325608 0.666191 0.008202
0.999976 0.000014 0.000010
0.713397 0.286593 0.000010
0.332325 0.667665 0.000010
0.179263 0.816008 0.004729
0.351896 0.648094 0.000010
0.406728 0.590129 0.003143
0.304379 0.695611 0.000010
0.038307 0.961683 0.000010
0.015247 0.378837 0.605915
0.333057 0.666933 0.000010
0.339735 0.660255 0.000010
0.413757 0.586233 0.000010
0.388522 0.611468 0.000010
0.999980 0.000010 0.000010
0.283894 0.711146 0.004961
0.303075 0.696915 0.000010
0.360740 0.639250 0.000010
0.554307 0.440563 0.005131
0.215502 0.784488 0.000010
0.256969 0.743021 0.000010
0.385029 0.604064 0.010907
0.999980 0.000010 0.000010
0.000010 0.999980 0.000010
0.000010 0.999980 0.000010
0.354638 0.637468 0.007894
0.205694 0.794296 0.000010
0.218479 0.781511 0.000010
0.331071 0.668919 0.000010
0.000010 0.000010 0.999980
0.300462 0.699528 0.000010
0.285562 0.714428 0.000010
0.170940 0.829050 0.000010
0.999980 0.000010 0.000010
0.402643 0.591239 0.006119
0.387822 0.610801 0.001377
0.716701 0.282398 0.000902
0.000010 0.000010 0.999980
0.252471 0.747519 0.000010
0.000010 0.000010 0.999980
0.755291 0.243958 0.000752
0.117051 0.309997 0.572952
0.000010 0.999980 0.000010
0.999980 0.000010 0.000010
0.135131 0.862480 0.002390
0.143010 0.299600 0.557390
0.684196 0.315794 0.000010
0.211004 0.788986 0.000010
0.172540 0.827450 0.000010
0.000010 0.999980 0.000010
0.266270 0.732313 0.001416
0.242393 0.751605 0.006002
0.163744 0.836246 0.000010
0.648996 0.343374 0.007629
0.189044 0.810946 0.000010
0.382133 0.607314 0.010553
0.292202 0.706581 0.001217
0.715391 0.284599 0.000010
0.636888 0.362763 0.000349
0.423625 0.565517 0.010858
0.372881 0.625617 0.001502
0.281057 0.718933 0.000010
0.607011 0.388844 0.004145
0.326212 0.665975 0.007813
0.641913 0.358077 0.000010
0.226846 0.773144 0.000010
0.999980 0.000010 0.000010
0.694261 0.305729 0.000010
0.525458 0.247003 0.227539
0.288141 0.702781 0.009078
0.631906 0.368084 0.000010
0.281521 0.718469 0.000010
0.158068 0.834477 0.007455
0.197535 0.802455 0.000010
0.212736 0.787254 0.000010
0.222599 0.777391 0.000010
0.000010 0.993620 0.006370
0.242684 0.757306 0.000010
0.999980 0.000010 0.000010
0.000010 0.999980 0.000010
0.023838 0.969826 0.006336
0.304197 0.678777 0.017026
0.644443 0.348972 0.006585
0.133889 0.291701 0.574411
0.023172 0.960712 0.016116
0.182721 0.817269 0.000010
0.012590 0.986757 0.000653
0.320785 0.669830 0.009385
0.274707 0.705763 0.019530
0.194924 0.799190 0.005885
0.296636 0.700983 0.002381
0.000010 0.999980 0.000010
0.280523 0.719467 0.000010
0.454028 0.543524 0.002448
0.999980 0.000010 0.000010
0.999980 0.000010 0.000010
0.007249 0.992741 0.000010
0.491113 0.477904 0.030983
0.008362 0.991628 0.000010
0.636329 0.361007 0.002664
0.149528 0.836008 0.014464
0.026963 0.967732 0.005305
0.030603 0.959751 0.009646
0.000010 0.999980 0.000010
0.498118 0.473049 0.028833
0.017927 0.977341 0.004732
0.285077 0.713446 0.001478
0.037895 0.953053 0.009052
0.683725 0.315408 0.000867
0.458335 0.526949 0.014716
0.285808 0.710023 0.004169
0.705521 0.294469 0.000010
0.167154 0.832836 0.000010
0.659047 0.338636 0.002317
0.020638 0.978585 0.000778
0.238506 0.761484 0.000010
0.407280 0.587098 0.005622
0.342414 0.648753 0.008833
0.312686 0.683204 0.004109
0.000010 0.999980 0.000010
0.452200 0.535452 0.012348
0.656551 0.340211 0.003239
0.681880 0.313974 0.004146
0.751029 0.243918 0.005053
0.249335 0.750655 0.000010
0.701286 0.298704 0.000010
0.000010 0.999980 0.000010
0.000010 0.997974 0.002016
0.000010 0.999980 0.000010
0.311674 0.687393 0.000933
0.000010 0.999980 0.000010
0.359480 0.638585 0.001935
0.329337 0.670653 0.000010
0.000010 0.999980 0.000010
0.000010 0.999980 0.000010
0.000010 0.999980 0.000010
0.000010 0.999980 0.000010
0.000010 0.999980 0.000010
0.491438 0.506694 0.001868
0.334998 0.660866 0.004136
0.000010 0.999980 0.000010
0.395176 0.597040 0.007785
0.376512 0.623478 0.000010
0.357915 0.639432 0.002653
0.405170 0.593920 0.000910
0.386161 0.613829 0.000010
0.332654 0.664417 0.002929
0.000010 0.999980 0.000010
0.073733 0.317007 0.609260
0.372210 0.623319 0.004471
0.000010 0.999980 0.000010
0.344533 0.649375 0.006092
0.000010 0.999980 0.000010
0.362490 0.635123 0.002387
0.370521 0.627795 0.001684
0.372033 0.626130 0.001838
0.036107 0.338704 0.625190
0.999980 0.000010 0.000010
0.043475 0.337674 0.618852
0.000010 0.999980 0.000010
0.381439 0.618551 0.000010
0.070464 0.328450 0.601086
0.378186 0.620614 0.001200
0.000010 0.385510 0.614480
0.000010 0.999980 0.000010
0.417239 0.582751 0.000010
0.314117 0.684620 0.001263
0.999980 0.000010 0.000010
0.175294 0.824696 0.000010
0.221867 0.778123 0.000010
0.376126 0.617710 0.006164
0.442050 0.555292 0.002658
0.282701 0.717289 0.000010
0.208607 0.786154 0.005240
0.254557 0.742797 0.002646
0.999980 0.000010 0.000010
0.289655 0.710335 0.000010
0.999980 0.000010 0.000010
0.079488 0.902319 0.018193
0.311824 0.683943 0.004233
0.236134 0.763856 0.000010
0.309421 0.670008 0.020571
0.999980 0.000010 0.000010
0.318533 0.681457 0.000010
0.999980 0.000010 0.000010
0.308323 0.681566 0.010111
0.211818 0.786040 0.002142
0.303077 0.696913 0.000010
0.533703 0.459309 0.006988
0.195029 0.804961 0.000010
0.077519 0.917660 0.004820
0.286261 0.698047 0.015692
0.291169 0.708821 0.000010
0.209071 0.790919 0.000010
0.273750 0.723899 0.002352
0.999980 0.000010 0.000010
0.326935 0.665493 0.007571
0.269738 0.730252 0.000010
0.173611 0.826379 0.000010
0.999980 0.000010 0.000010
0.259424 0.740566 0.000010
0.300059 0.697812 0.002129
0.231245 0.768745 0.000010
0.999980 0.000010 0.000010
0.690685 0.309305 0.000010
0.999980 0.000010 0.000010
0.456863 0.539451 0.003686
0.206196 0.793794 0.000010
0.317572 0.677133 0.005295
0.211191 0.777012 0.011797
0.999980 0.000010 0.000010
0.721468 0.278522 0.000010
0.000010 0.398602 0.601388
0.228488 0.771502 0.000010
0.268918 0.728742 0.002340
0.342115 0.649555 0.008330
0.180960 0.812865 0.006175
0.265946 0.734044 0.000010
0.356291 0.634250 0.009459
0.999980 0.000010 0.000010
0.055039 0.327513 0.617448
0.999980 0.000010 0.000010
0.052541 0.331375 0.616085
0.999980 0.000010 0.000010
0.999980 0.000010 0.000010
0.491993 0.481866 0.026141
0.321048 0.678942 0.000010
0.000010 0.991295 0.008695
0.242470 0.755073 0.002457
0.186785 0.813205 0.000010
0.122168 0.323316 0.554515
0.358769 0.639942 0.001289
0.240365 0.752670 0.006966
0.448186 0.537752 0.014062
0.225953 0.764684 0.009363
0.210892 0.789098 0.000010
0.188440 0.804602 0.006958
0.225625 0.774365 0.000010
0.013969 0.975829 0.010202
0.999980 0.000010 0.000010
0.212228 0.781858 0.005914
0.189261 0.799549 0.011190
0.170726 0.829264 0.000010
0.225594 0.762018 0.012388
0.214755 0.782947 0.002298
0.207070 0.777103 0.015827
0.281319 0.708236 0.010445
0.282896 0.708865 0.008239
0.197336 0.802654 0.000010
0.953930 0.035643 0.010427
0.254752 0.745238 0.000010
0.311416 0.682963 0.005621
0.191973 0.808017 0.000010
0.747319 0.252671 0.000010
0.522351 0.472020 0.005629
0.204326 0.794717 0.000957
0.338637 0.661353 0.000010
0.263622 0.732273 0.004105
0.297672 0.700257 0.002072
0.432650 0.565589 0.001761
0.211871 0.780538 0.007591
0.177254 0.822736 0.000010
0.167681 0.832309 0.000010
0.358990 0.608307 0.032703
0.343282 0.656708 0.000010
0.245858 0.754132 0.000010
0.267326 0.730085 0.002590
0.066801 0.931457 0.001741
0.242279 0.757711 0.000010
0.251087 0.742608 0.006305
0.215487 0.781317 0.003196
0.247851 0.752139 0.000010
0.420716 0.573203 0.006082
0.999980 0.000010 0.000010
0.190860 0.809130 0.000010
0.235739 0.764251 0.000010
0.987315 0.012675 0.000010
0.699658 0.300332 0.000010
0.305596 0.678104 0.016300
0.004962 0.995028 0.000010
0.420033 0.570528 0.009439
0.639196 0.359500 0.001304
0.045429 0.948525 0.006045
0.999980 0.000010 0.000010
0.012253 0.967611 0.020136
0.254566 0.741563 0.003872
0.443356 0.554180 0.002464
0.999980 0.000010 0.000010
0.340815 0.648468 0.010717
0.999980 0.000010 0.000010
0.497729 0.489392 0.012879
0.038593 0.954337 0.007070
0.173642 0.826348 0.000010
0.309943 0.689018 0.001038
0.069758 0.331489 0.598753
0.015480 0.984510 0.000010
0.337128 0.662862 0.000010
0.000010 0.999980 0.000010
0.367601 0.631440 0.000959
0.000010 0.999980 0.000010
0.047890 0.947178 0.004932
0.000010 0.999980 0.000010
0.075507 0.908696 0.015797
0.017092 0.982898 0.000010
0.000010 0.999980 0.000010
0.038609 0.331128 0.630263
0.000010 0.999980 0.000010
0.009829 0.986298 0.003873
0.188616 0.811374 0.000010
0.010215 0.988362 0.001423
0.197529 0.802461 0.000010
0.012281 0.986173 0.001546
0.256251 0.743739 0.000010
0.355554 0.641134 0.003312
0.624600 0.375390 0.000010
0.000010 0.999980 0.000010
0.626609 0.373381 0.000010
0.000010 0.999980 0.000010
0.008798 0.991192 0.000010
0.388488 0.608481 0.003030
0.049108 0.341044 0.609848
0.296394 0.697653 0.005953
0.368696 0.629771 0.001533
0.378279 0.619731 0.001990
0.278317 0.721673 0.000010
0.000010 0.999980 0.000010
0.000010 0.999980 0.000010
0.307887 0.684465 0.007647
0.000010 0.999169 0.000821
0.355176 0.642206 0.002618
0.450425 0.536535 0.013040
0.264366 0.723573 0.012061
0.223601 0.761584 0.014815
0.371185 0.612716 0.016099
0.280491 0.708978 0.010531
0.192993 0.796460 0.010548
0.305109 0.683060 0.011830
0.211257 0.781375 0.007368
0.273760 0.715046 0.011194
0.258006 0.728796 0.013198
0.277309 0.714062 0.008630
0.308729 0.678683 0.012587
0.000010 0.999980 0.000010
0.325015 0.663981 0.011004
0.317132 0.682858 0.000010
0.283310 0.705301 0.011389
0.373310 0.620846 0.005844
0.327072 0.660581 0.012348
0.293023 0.700319 0.006658
0.248919 0.742010 0.009071
0.237494 0.745580 0.016926
0.213570 0.777008 0.009422
0.252316 0.733541 0.014143
0.275872 0.709738 0.014390
0.271219 0.718794 0.009987
0.360798 0.628170 0.011033
0.311288 0.677726 0.010986
0.320627 0.666787 0.012586
0.298542 0.689149 0.012309
0.000010 0.999980 0.000010
0.389391 0.596796 0.013814
0.344051 0.654810 0.001139
0.448521 0.539155 0.012324
0.999980 0.000010 0.000010
0.332648 0.656502 0.010850
0.999980 0.000010 0.000010
0.000010 0.999980 0.000010
0.000010 0.999980 0.000010
0.000010 0.999980 0.000010
0.328427 0.671346 0.000227
0.369546 0.630444 0.000010
0.000010 0.999980 0.000010
0.000010 0.999980 0.000010
0.000010 0.999980 0.000010
0.361521 0.638469 0.000010
0.999980 0.000010 0.000010
0.360227 0.639763 0.000010
0.329770 0.668017 0.002213
0.999980 0.000010 0.000010
0.000010 0.000010 0.999980
0.343704 0.650141 0.006155
0.000010 0.000010 0.999980
0.396703 0.597341 0.005956
0.999980 0.000010 0.000010
0.999980 0.000010 0.000010
0.000010 0.999980 0.000010
0.000010 0.999980 0.000010
0.000010 0.999980 0.000010
0.000010 0.999980 0.000010
0.000010 0.999980 0.000010
0.071575 0.340176 0.588249
0.310626 0.679546 0.009828
0.326908 0.665904 0.007189
0.361037 0.634065 0.004897
0.999980 0.000010 0.000010
0.286649 0.701414 0.011937
0.999978 0.000012 0.000010
0.230266 0.757547 0.012187
0.264792 0.723777 0.011431
0.352586 0.647379 0.000035
0.391127 0.608853 0.000020
0.394024 0.605966 0.000010
0.378187 0.607911 0.013902
0.331513 0.668477 0.000010
0.564041 0.432680 0.003279
0.310146 0.678395 0.011459
0.353687 0.635115 0.011198
0.999980 0.000010 0.000010
0.397450 0.595141 0.007409
0.039033 0.957447 0.003520
0.011269 0.986764 0.001966
0.000010 0.999980 0.000010
0.999980 0.000010 0.000010
0.999977 0.000013 0.000010
0.000010 0.999980 0.000010
0.000010 0.396446 0.603544
0.002106 0.997884 0.000010
0.999980 0.000010 0.000010
0.257288 0.732356 0.010355
0.207129 0.782170 0.010700
0.521973 0.473831 0.004196
0.280838 0.713262 0.005900
0.339373 0.647287 0.013340
0.999980 0.000010 0.000010
0.385618 0.607923 0.006458
0.000010 0.999980 0.000010
0.329598 0.666896 0.003506
0.384319 0.611304 0.004377
0.000010 0.999980 0.000010
0.454519 0.536039 0.009442
0.000010 0.999980 0.000010
0.527264 0.248351 0.224385
0.000010 0.000010 0.999980
0.256136 0.730459 0.013405
0.317458 0.665239 0.017303
0.521569 0.471585 0.006846
0.278222 0.699868 0.021910
0.074724 0.915705 0.009572
0.143558 0.850834 0.005608
0.131266 0.304706 0.564028
0.130635 0.306267 0.563099
0.744026 0.255964 0.000010
0.489734 0.509364 0.000902
0.401857 0.593724 0.004418
0.000010 0.000010 0.999980
0.318999 0.666595 0.014406
0.000010 0.997772 0.002218
0.332891 0.655265 0.011844
0.999980 0.000010 0.000010
0.095546 0.897237 0.007217
0.001051 0.998939 0.000010
0.021591 0.978399 0.000010
0.014189 0.985801 0.000010
0.065381 0.926530 0.008089
0.267920 0.715246 0.016834
0.297074 0.689968 0.012959
0.000010 0.999980 0.000010
0.323050 0.670233 0.006717
0.303346 0.687097 0.009557
0.013814 0.980451 0.005735
0.251475 0.740137 0.008387
0.264578 0.723517 0.011905
0.260200 0.726241 0.013560
0.000010 0.999980 0.000010
0.298106 0.690417 0.011477
0.005954 0.992059 0.001987
0.019160 0.980505 0.000336
0.263487 0.723700 0.012812
0.254478 0.738399 0.007123
0.252557 0.740604 0.006838
0.317203 0.669503 0.013294
0.003496 0.995939 0.000565
0.014938 0.984294 0.000768
0.022303 0.975538 0.002158
0.264094 0.722063 0.013843
0.000010 0.999980 0.000010
0.295144 0.691684 0.013172
0.068230 0.920735 0.011035
0.013621 0.986369 0.000010
0.128803 0.867868 0.003329
0.047543 0.948147 0.004310
0.308867 0.681378 0.009755
0.323158 0.672502 0.004340
0.322511 0.661097 0.016392
0.326996 0.666946 0.006058
0.290137 0.700272 0.009591
0.322008 0.671638 0.006354
0.001924 0.998066 0.000010
0.000010 0.999980 0.000010
0.000010 0.999980 0.000010
0.000010 0.996292 0.003698
0.217367 0.765270 0.017363
0.012035 0.987955 0.000010
0.000010 0.999980 0.000010
0.000828 0.995564 0.003608
0.088930 0.910458 0.000611
0.044159 0.955831 0.000010
0.065153 0.934837 0.000010
0.278247 0.707884 0.013869
0.000010 0.999980 0.000010
0.000010 0.999980 0.000010
0.000010 0.999980 0.000010
0.000010 0.999980 0.000010
0.325241 0.669218 0.005541
0.305776 0.683818 0.010406
0.348615 0.645073 0.006312
0.346641 0.642095 0.011264
0.000010 0.999980 0.000010
0.000010 0.999980 0.000010
0.355628 0.628319 0.016053
0.000010 0.999980 0.000010
0.007975 0.990007 0.002018
0.309726 0.678490 0.011784
0.011807 0.988183 0.000010
0.330784 0.658006 0.011210
0.237585 0.742159 0.020256
0.012612 0.987378 0.000010
0.014985 0.985005 0.000010
0.293366 0.697776 0.008859
0.304885 0.682608 0.012507
0.282649 0.706644 0.010707
0.278895 0.714050 0.007055
0.326546 0.659402 0.014051
0.045666 0.951767 0.002566
0.999979 0.000011 0.000010
0.999980 0.000010 0.000010
0.035042 0.962537 0.002421
0.239999 0.745943 0.014058
0.322278 0.661416 0.016305
0.278071 0.704438 0.017491
0.281889 0.704568 0.013543
0.322282 0.669250 0.008468
0.251453 0.740060 0.008487
0.000010 0.999980 0.000010
0.286131 0.707404 0.006465
0.004236 0.989710 0.006054
0.016784 0.983112 0.000104
0.000010 0.999980 0.000010
0.000010 0.999980 0.000010
0.013849 0.985600 0.000551
0.000010 0.999980 0.000010
0.361224 0.626503 0.012272
0.321528 0.664276 0.014196
0.248433 0.737901 0.013666
0.999980 0.000010 0.000010
0.258795 0.732765 0.008440
0.298327 0.688769 0.012904
0.333080 0.654337 0.012582
0.248481 0.738956 0.012563
0.260858 0.722354 0.016789
0.339544 0.643379 0.017078
0.229352 0.759572 0.011077
0.279265 0.707380 0.013356
0.313350 0.673503 0.013147
0.193172 0.793343 0.013484
0.140570 0.478711 0.380719
0.348967 0.639069 0.011964
0.330212 0.657690 0.012098
0.264840 0.730727 0.004433
0.304841 0.676176 0.018983
0.279907 0.689201 0.030892
0.999980 0.000010 0.000010
0.344644 0.639637 0.015719
0.256816 0.738349 0.004834
0.000010 0.999980 0.000010
0.339780 0.629188 0.031031
0.670018 0.329972 0.000010
0.337887 0.651214 0.010899
0.199443 0.800547 0.000010
0.272923 0.707211 0.019866
0.302593 0.679454 0.017952
