0.000010 0.000010 0.000010 0.000010 0.999950 0.000010
0.135899 0.109766 0.286386 0.036000 0.216783 0.215166
0.250279 0.169455 0.313555 0.013792 0.198989 0.053929
0.000010 0.062846 0.173958 0.323352 0.170090 0.269744
0.095226 0.000010 0.025227 0.044948 0.000010 0.834579
0.543470 0.053212 0.253009 0.006331 0.077491 0.066487
0.465772 0.182992 0.239333 0.000010 0.096090 0.015803
0.164643 0.080369 0.213604 0.062967 0.139247 0.339170
0.161769 0.050493 0.311606 0.049665 0.129691 0.296776
0.105985 0.107726 0.339401 0.062640 0.137764 0.246483
0.208473 0.118095 0.427047 0.017832 0.124858 0.103695
0.196093 0.111229 0.300633 0.056985 0.168141 0.166919
0.496984 0.121002 0.228344 0.000010 0.081930 0.071729
0.220919 0.161315 0.375183 0.013763 0.139875 0.088944
0.252463 0.472612 0.188821 0.004963 0.072799 0.008342
0.125589 0.286105 0.332281 0.002042 0.229129 0.024854
0.188024 0.076830 0.449091 0.006846 0.101746 0.177464
0.123392 0.015731 0.500860 0.003149 0.014411 0.342458
0.497102 0.127080 0.286731 0.000010 0.075871 0.013207
0.222534 0.066716 0.249597 0.051587 0.137739 0.271826
0.147698 0.273400 0.318535 0.005548 0.216996 0.037823
0.187805 0.158581 0.394788 0.021848 0.147399 0.089580
0.921105 0.027278 0.030046 0.000010 0.021552 0.000010
0.999950 0.000010 0.000010 0.000010 0.000010 0.000010
0.157328 0.450414 0.370952 0.000010 0.021286 0.000010
0.000010 0.999950 0.000010 0.000010 0.000010 0.000010
0.825311 0.079853 0.070089 0.000010 0.019175 0.005562
0.999946 0.000010 0.000010 0.000010 0.000014 0.000010
0.851086 0.026024 0.087805 0.000010 0.025529 0.009546
0.760877 0.083906 0.022629 0.000010 0.000010 0.132569
0.121089 0.575875 0.224721 0.000010 0.078295 0.000010
0.103798 0.467624 0.265823 0.000010 0.063686 0.099059
0.972339 0.000012 0.000010 0.000010 0.000010 0.027620
0.084946 0.379897 0.403459 0.000010 0.067332 0.064356
0.122590 0.285613 0.236497 0.216823 0.122153 0.016324
0.805730 0.115631 0.062501 0.000011 0.016118 0.000010
0.000010 0.000010 0.000010 0.000010 0.999950 0.000010
0.909534 0.042488 0.030748 0.000010 0.008095 0.009125
0.158372 0.439892 0.377484 0.000010 0.024232 0.000010
0.953962 0.000010 0.025703 0.000010 0.000010 0.020305
0.150175 0.189708 0.350164 0.011416 0.090643 0.207894
0.000010 0.000010 0.000010 0.000010 0.999950 0.000010
0.132043 0.000010 0.230029 0.612873 0.000010 0.025036
0.000010 0.999950 0.000010 0.000010 0.000010 0.000010
0.000010 0.999950 0.000010 0.000010 0.000010 0.000010
0.117247 0.474324 0.367082 0.000010 0.041327 0.000010
0.000010 0.999947 0.000010 0.000010 0.000013 0.000010
0.000010 0.999950 0.000010 0.000010 0.000010 0.000010
0.124998 0.279450 0.238455 0.219820 0.120757 0.016520
0.999950 0.000010 0.000010 0.000010 0.000010 0.000010
0.766105 0.118992 0.033640 0.000010 0.017868 0.063386
0.000010 0.000010 0.000010 0.999950 0.000010 0.000010
0.000010 0.999950 0.000010 0.000010 0.000010 0.000010
0.781724 0.089851 0.063037 0.000010 0.065367 0.000010
0.000010 0.999950 0.000010 0.000010 0.000010 0.000010
0.000010 0.000010 0.000010 0.999950 0.000010 0.000010
0.914802 0.037070 0.036536 0.000010 0.009200 0.002381
0.000010 0.000010 0.000010 0.999950 0.000010 0.000010
0.095993 0.473344 0.404033 0.000016 0.026604 0.000010
0.355815 0.039937 0.029794 0.000010 0.574433 0.000010
0.000010 0.999945 0.000010 0.000010 0.000015 0.000010
0.000010 0.000010 0.000010 0.999950 0.000010 0.000010
0.000010 0.000010 0.000010 0.999950 0.000010 0.000010
0.000010 0.999946 0.000010 0.000010 0.000014 0.000010
0.000010 0.000010 0.000010 0.000010 0.999950 0.000010
0.000010 0.999950 0.000010 0.000010 0.000010 0.000010
0.000010 0.000010 0.000010 0.999950 0.000010 0.000010
0.000010 0.000010 0.000010 0.999950 0.000010 0.000010
0.064917 0.913389 0.000012 0.000010 0.021661 0.000010
0.000010 0.999950 0.000010 0.000010 0.000010 0.000010
0.000010 0.000010 0.000010 0.999950 0.000010 0.000010
0.000010 0.000010 0.000010 0.000010 0.999950 0.000010
0.000010 0.000010 0.000010 0.000010 0.999950 0.000010
0.000010 0.000010 0.000010 0.999950 0.000010 0.000010
0.177983 0.000010 0.191072 0.592434 0.000010 0.038491
0.209646 0.000010 0.000010 0.790314 0.000010 0.000010
0.000010 0.000010 0.000010 0.999950 0.000010 0.000010
0.000010 0.000010 0.000010 0.999950 0.000010 0.000010
0.000010 0.000010 0.000010 0.000010 0.999950 0.000010
0.121287 0.476382 0.340220 0.000010 0.020644 0.041457
0.078306 0.921654 0.000010 0.000010 0.000010 0.000010
0.541044 0.059929 0.266174 0.000010 0.026280 0.106563
0.044631 0.955326 0.000010 0.000010 0.000014 0.000010
0.000016 0.000010 0.000010 0.999944 0.000010 0.000010
0.821120 0.045359 0.054554 0.000010 0.038215 0.040741
0.681612 0.000010 0.043171 0.009487 0.017001 0.248720
0.001717 0.000013 0.000010 0.000012 0.000010 0.998238
0.908434 0.056295 0.014692 0.000012 0.020557 0.000010
0.000010 0.994218 0.000010 0.000010 0.005742 0.000010
0.832132 0.125559 0.014043 0.000010 0.028246 0.000010
0.179486 0.000010 0.188654 0.580804 0.000010 0.051036
0.015029 0.984928 0.000010 0.000010 0.000013 0.000010
0.921021 0.014828 0.001532 0.000010 0.000010 0.062598
0.165776 0.103618 0.455079 0.008177 0.069132 0.198218
0.172792 0.000010 0.198529 0.603333 0.000010 0.025327
0.127779 0.000010 0.225273 0.558903 0.000010 0.088025
0.000010 0.000010 0.000013 0.999947 0.000010 0.000010
0.152946 0.000010 0.223416 0.610785 0.000010 0.012834
0.932997 0.052907 0.000010 0.000010 0.014066 0.000010
0.113604 0.000010 0.259751 0.626615 0.000010 0.000010
0.755203 0.040037 0.139715 0.001791 0.011228 0.052027
0.999950 0.000010 0.000010 0.000010 0.000010 0.000010
0.806572 0.095926 0.025168 0.000010 0.072313 0.000010
0.734857 0.045976 0.079548 0.007507 0.020846 0.111266
0.192592 0.000010 0.233881 0.569535 0.000010 0.003972
0.797092 0.012405 0.151548 0.000010 0.000010 0.038935
0.000010 0.999950 0.000010 0.000010 0.000010 0.000010
0.323663 0.075538 0.294210 0.006502 0.045128 0.254959
0.120143 0.113272 0.502782 0.004514 0.070269 0.189022
0.399224 0.205644 0.127600 0.000010 0.156359 0.111163
0.962454 0.000010 0.037506 0.000010 0.000010 0.000010
0.807578 0.102475 0.063743 0.000010 0.019074 0.007120
0.000011 0.000014 0.000012 0.000010 0.999943 0.000010
0.000010 0.000010 0.000010 0.000010 0.999950 0.000010
0.825241 0.066382 0.055147 0.000010 0.053210 0.000010
0.000010 0.000018 0.845740 0.000010 0.010668 0.143555
0.000010 0.999950 0.000010 0.000010 0.000010 0.000010
0.351417 0.069026 0.042423 0.000010 0.535500 0.001625
0.808950 0.080555 0.075068 0.000010 0.015722 0.019695
0.455894 0.004072 0.315902 0.005455 0.003395 0.215282
0.701473 0.058033 0.185996 0.000010 0.054478 0.000010
0.583903 0.080610 0.241080 0.005287 0.087836 0.001284
0.952364 0.016176 0.000010 0.000010 0.031430 0.000010
0.027261 0.000013 0.050264 0.000010 0.015825 0.906626
0.150764 0.000017 0.216348 0.598281 0.000010 0.034581
0.790335 0.082000 0.038930 0.000010 0.024133 0.064592
0.854168 0.067936 0.040732 0.000010 0.034480 0.002674
0.584890 0.088715 0.235992 0.000010 0.085663 0.004730
0.000010 0.000010 0.999950 0.000010 0.000010 0.000010
0.000010 0.000010 0.000010 0.000010 0.999950 0.000010
0.436441 0.067930 0.233975 0.005459 0.036334 0.219861
0.950788 0.034737 0.000011 0.000010 0.014443 0.000010
0.846564 0.088379 0.050836 0.000010 0.014201 0.000010
0.204985 0.192894 0.335465 0.004077 0.179342 0.083237
0.981901 0.000010 0.015200 0.000010 0.000010 0.002869
0.808070 0.006030 0.127392 0.000010 0.020202 0.038296
0.254423 0.119543 0.317832 0.010078 0.078526 0.219598
0.000010 0.000010 0.000010 0.000010 0.999950 0.000010
0.009042 0.000010 0.000010 0.000010 0.000010 0.990918
0.059930 0.004922 0.000010 0.000010 0.000010 0.935118
0.470105 0.109362 0.215641 0.008926 0.045843 0.150122
0.942696 0.000010 0.014276 0.000010 0.009173 0.033834
0.999950 0.000010 0.000010 0.000010 0.000010 0.000010
0.855191 0.053229 0.050098 0.000010 0.034654 0.006818
0.000017 0.000010 0.000010 0.999943 0.000010 0.000010
0.635387 0.031843 0.200414 0.000010 0.039635 0.092710
0.662137 0.059810 0.117026 0.000010 0.034750 0.126267
0.999950 0.000010 0.000010 0.000010 0.000010 0.000010
0.000010 0.000010 0.000010 0.000010 0.999950 0.000010
0.265280 0.127670 0.361466 0.004267 0.060865 0.180452
0.370990 0.133828 0.340756 0.000989 0.030903 0.122533
0.121364 0.458623 0.349548 0.000010 0.070445 0.000010
0.000010 0.000010 0.000011 0.999949 0.000010 0.000010
0.666647 0.012763 0.253617 0.002408 0.018029 0.046537
0.000010 0.000010 0.000010 0.999950 0.000010 0.000010
0.094222 0.551290 0.264142 0.000010 0.069396 0.020941
0.054255 0.026365 0.278769 0.566326 0.023207 0.051078
0.081043 0.000010 0.000010 0.000010 0.000010 0.918917
0.000010 0.999945 0.000010 0.000010 0.000015 0.000010
0.443192 0.000014 0.226687 0.002948 0.000010 0.327149
0.082170 0.022681 0.302327 0.552202 0.028942 0.011678
0.087516 0.437996 0.417877 0.000010 0.033017 0.023583
0.999950 0.000010 0.000010 0.000010 0.000010 0.000010
0.999950 0.000010 0.000010 0.000010 0.000010 0.000010
0.000010 0.000010 0.000010 0.000010 0.000010 0.999950
0.597610 0.045936 0.181347 0.003416 0.016983 0.154707
0.351823 0.061463 0.205846 0.007176 0.035838 0.337854
0.999950 0.000010 0.000010 0.000010 0.000010 0.000010
0.187774 0.417830 0.303323 0.006376 0.060343 0.024354
0.993032 0.000010 0.000010 0.000010 0.000010 0.006928
0.019999 0.003740 0.976231 0.000010 0.000010 0.000010
0.473352 0.064469 0.221342 0.002227 0.028516 0.210094
0.112342 0.504538 0.304574 0.000010 0.037975 0.040561
0.121733 0.383822 0.298295 0.000010 0.093179 0.102961
0.302209 0.109226 0.333906 0.009516 0.112041 0.133102
0.055662 0.020145 0.867120 0.000010 0.024057 0.033006
0.834058 0.018694 0.108906 0.000010 0.024170 0.014162
0.164730 0.348250 0.344197 0.001524 0.075697 0.065602
0.285177 0.079941 0.357850 0.005363 0.060287 0.211382
0.093464 0.388010 0.361334 0.000010 0.062439 0.094744
0.999950 0.000010 0.000010 0.000010 0.000010 0.000010
0.000010 0.999950 0.000010 0.000010 0.000010 0.000010
0.061606 0.442275 0.422334 0.000010 0.049015 0.024759
0.124167 0.274151 0.229101 0.224320 0.125340 0.022921
0.400115 0.058036 0.303074 0.008233 0.031399 0.199143
0.174162 0.398755 0.400797 0.000010 0.022245 0.004031
0.644365 0.068368 0.113742 0.001126 0.016810 0.155588
0.503211 0.000010 0.214243 0.008902 0.000010 0.273623
0.953031 0.000010 0.000010 0.000010 0.000911 0.046027
0.832612 0.003246 0.070200 0.000010 0.000769 0.093163
0.899103 0.000010 0.072328 0.000010 0.000010 0.028539
0.083361 0.000010 0.030332 0.007214 0.000010 0.879073
0.951119 0.015870 0.017648 0.000010 0.000010 0.015343
0.000010 0.999950 0.000010 0.000010 0.000010 0.000010
0.054845 0.000735 0.000010 0.000010 0.000010 0.944390
0.174636 0.000010 0.074967 0.002875 0.000010 0.747501
0.102561 0.045004 0.449616 0.009445 0.082582 0.310793
0.123433 0.212808 0.354480 0.003556 0.255670 0.050052
0.081847 0.044468 0.278300 0.568902 0.007504 0.018979
0.161202 0.002926 0.061682 0.013056 0.000010 0.761124
0.846775 0.000010 0.049851 0.000010 0.000010 0.103345
0.098002 0.000010 0.068011 0.000010 0.000010 0.833957
0.354976 0.060601 0.358480 0.008156 0.041410 0.176377
0.105970 0.037585 0.428335 0.012433 0.068578 0.347099
0.471680 0.004950 0.266934 0.006623 0.018447 0.231366
0.594014 0.040209 0.261303 0.003580 0.026061 0.074833
0.000010 0.022330 0.000010 0.000010 0.000010 0.977630
0.904679 0.021202 0.032855 0.000010 0.028626 0.012628
0.240517 0.203784 0.362902 0.000644 0.039366 0.152788
0.000010 0.999950 0.000010 0.000010 0.000010 0.000010
0.000010 0.000010 0.000010 0.000010 0.999950 0.000010
0.024368 0.000010 0.035860 0.000010 0.006621 0.933132
0.163001 0.131807 0.388282 0.026845 0.184556 0.105509
0.000010 0.000010 0.057444 0.000010 0.008251 0.934275
0.126018 0.416198 0.298049 0.001169 0.058009 0.100556
0.375219 0.000177 0.193034 0.015066 0.032216 0.384288
0.119306 0.001006 0.045980 0.003960 0.003824 0.825924
0.173120 0.000010 0.076720 0.007944 0.000010 0.742195
0.036071 0.000010 0.000010 0.000015 0.000010 0.963884
0.168916 0.150684 0.403265 0.025175 0.158416 0.093544
0.177487 0.000010 0.027349 0.002303 0.000010 0.792841
0.630189 0.036279 0.252653 0.002551 0.016279 0.062049
0.133138 0.000010 0.100592 0.007641 0.001076 0.757543
0.128366 0.430456 0.406595 0.000010 0.034563 0.000010
0.308248 0.140983 0.304486 0.013461 0.126744 0.106079
0.451081 0.058056 0.181575 0.004096 0.059625 0.245566
0.076286 0.444932 0.408133 0.000010 0.055576 0.015063
0.999950 0.000010 0.000010 0.000010 0.000010 0.000010
0.144015 0.434764 0.307437 0.000442 0.059006 0.054336
0.109025 0.000010 0.072889 0.000010 0.001142 0.816925
0.999950 0.000010 0.000010 0.000010 0.000010 0.000010
0.373280 0.114527 0.327689 0.004764 0.071834 0.107907
0.540509 0.050012 0.242478 0.009962 0.068780 0.088259
0.499334 0.049655 0.253995 0.004024 0.055287 0.137705
0.025065 0.000010 0.000010 0.000010 0.000010 0.974895
0.316560 0.124133 0.339026 0.011309 0.121658 0.087314
0.123626 0.444870 0.308736 0.001646 0.058937 0.062185
0.159642 0.474215 0.269930 0.003335 0.058923 0.033954
0.130947 0.541904 0.234945 0.003942 0.071899 0.016363
0.806467 0.000010 0.120014 0.000010 0.026837 0.046662
0.097939 0.446248 0.362936 0.000010 0.063963 0.028904
0.000010 0.000010 0.000010 0.000010 0.000010 0.999950
0.000010 0.000010 0.048277 0.000010 0.000010 0.951683
0.000010 0.000010 0.000010 0.000010 0.000010 0.999950
0.000010 0.000010 0.999950 0.000010 0.000010 0.000010
0.000010 0.000010 0.000010 0.000010 0.000010 0.999950
0.000010 0.000010 0.999950 0.000010 0.000010 0.000010
0.000010 0.000010 0.999950 0.000010 0.000010 0.000010
0.000010 0.000010 0.000010 0.000010 0.000010 0.999950
0.062443 0.000018 0.000010 0.000010 0.000010 0.937509
0.000014 0.000010 0.000010 0.000010 0.000010 0.999946
0.049819 0.000010 0.000010 0.000010 0.000010 0.950141
0.000010 0.000010 0.000010 0.000010 0.000010 0.999950
0.180167 0.250039 0.388461 0.000010 0.050955 0.130368
0.071329 0.002421 0.888883 0.000010 0.010657 0.026700
0.064612 0.000010 0.000010 0.000011 0.000010 0.935348
0.040150 0.016207 0.930147 0.000010 0.013476 0.000010
0.000010 0.000010 0.999950 0.000010 0.000010 0.000010
0.283357 0.082368 0.370344 0.000802 0.052054 0.211075
0.307418 0.118604 0.382374 0.000010 0.047547 0.144047
0.000010 0.000010 0.999950 0.000010 0.000010 0.000010
0.346407 0.070617 0.361039 0.002341 0.046423 0.173173
0.000012 0.000010 0.000010 0.000010 0.000010 0.999948
0.059366 0.015176 0.263908 0.603893 0.000010 0.057647
0.031147 0.004756 0.961078 0.000010 0.002999 0.000010
0.000010 0.000010 0.000010 0.000010 0.000010 0.999950
0.041204 0.000010 0.954454 0.000010 0.004312 0.000010
0.000010 0.000010 0.000010 0.000010 0.000010 0.999950
0.030299 0.000010 0.969660 0.000010 0.000011 0.000010
0.000010 0.000010 0.999950 0.000010 0.000010 0.000010
0.000010 0.000010 0.999950 0.000010 0.000010 0.000010
0.104162 0.000010 0.267977 0.618147 0.000010 0.009694
0.000010 0.000010 0.000010 0.000010 0.999950 0.000010
0.101680 0.000010 0.273326 0.612242 0.000010 0.012732
0.000010 0.000010 0.000010 0.000010 0.000010 0.999950
0.000010 0.000010 0.999950 0.000010 0.000010 0.000010
0.045982 0.010574 0.278998 0.595447 0.000010 0.068988
0.000010 0.000010 0.999950 0.000010 0.000010 0.000010
0.184406 0.000010 0.188003 0.611325 0.000010 0.016246
0.029790 0.000010 0.000010 0.000010 0.000010 0.970170
0.000010 0.000010 0.999950 0.000010 0.000010 0.000010
0.000010 0.000010 0.999950 0.000010 0.000010 0.000010
0.000010 0.000010 0.000010 0.000010 0.999950 0.000010
0.999950 0.000010 0.000010 0.000010 0.000010 0.000010
0.872756 0.002372 0.051245 0.000010 0.014120 0.059497
0.381820 0.071646 0.367192 0.005794 0.065671 0.107878
0.309405 0.128657 0.388144 0.002079 0.070087 0.101629
0.683826 0.046128 0.204351 0.002557 0.010823 0.052314
0.487415 0.006353 0.260720 0.005630 0.020780 0.219102
0.447172 0.023968 0.303788 0.002704 0.032536 0.189831
0.000010 0.999950 0.000010 0.000010 0.000010 0.000010
0.983680 0.000010 0.000010 0.000010 0.016280 0.000010
0.000010 0.999950 0.000010 0.000010 0.000010 0.000010
0.147167 0.001901 0.214483 0.015268 0.006662 0.614518
0.360912 0.055780 0.368955 0.003123 0.042768 0.168462
0.999950 0.000010 0.000010 0.000010 0.000010 0.000010
0.101062 0.055964 0.462679 0.011793 0.074967 0.293535
0.000010 0.000010 0.000010 0.000010 0.999950 0.000010
0.823979 0.015307 0.113097 0.000010 0.047597 0.000010
0.000010 0.999946 0.000014 0.000010 0.000010 0.000010
0.064353 0.054962 0.531741 0.003293 0.047713 0.297938
0.433700 0.025908 0.279246 0.002287 0.002161 0.256698
0.377644 0.064734 0.313181 0.000010 0.027963 0.216468
0.458551 0.214365 0.212965 0.007402 0.103386 0.003331
0.999950 0.000010 0.000010 0.000010 0.000010 0.000010
0.130120 0.032543 0.034335 0.003195 0.026330 0.773477
0.123073 0.061422 0.416114 0.009135 0.054454 0.335802
0.966728 0.000010 0.000010 0.000018 0.033224 0.000010
0.852641 0.000010 0.074180 0.000010 0.004751 0.068409
0.000010 0.000010 0.749982 0.000010 0.006310 0.243678
0.000010 0.000010 0.000010 0.000010 0.999950 0.000010
0.000010 0.000010 0.999950 0.000010 0.000010 0.000010
0.984025 0.006971 0.000010 0.000020 0.008964 0.000010
0.999950 0.000010 0.000010 0.000010 0.000010 0.000010
0.000010 0.999944 0.000010 0.000016 0.000010 0.000010
0.965401 0.000010 0.022271 0.000010 0.006268 0.006040
0.000010 0.000458 0.762152 0.000010 0.014379 0.222991
0.999950 0.000010 0.000010 0.000010 0.000010 0.000010
0.000010 0.000010 0.000010 0.000010 0.999950 0.000010
0.088264 0.479622 0.323533 0.000010 0.031265 0.077306
0.000015 0.000015 0.000013 0.000010 0.999937 0.000010
0.372933 0.146285 0.296506 0.003625 0.082480 0.098171
0.999950 0.000010 0.000010 0.000010 0.000010 0.000010
0.503295 0.061168 0.252935 0.005713 0.047333 0.129556
0.422458 0.024205 0.279721 0.012278 0.004694 0.256644
0.000010 0.000010 0.000010 0.000010 0.999950 0.000010
0.124708 0.467226 0.372461 0.000010 0.035585 0.000010
0.169592 0.000018 0.202106 0.595879 0.000010 0.032395
0.965609 0.004546 0.024641 0.000010 0.000010 0.005185
0.630397 0.036258 0.209747 0.004516 0.018927 0.100155
0.015511 0.000010 0.984449 0.000010 0.000010 0.000010
0.387197 0.013465 0.259114 0.006178 0.001897 0.332150
0.999949 0.000010 0.000010 0.000010 0.000011 0.000010
0.000010 0.000010 0.999950 0.000010 0.000010 0.000010
0.000010 0.028765 0.000010 0.000010 0.971195 0.000010
0.125847 0.000010 0.261129 0.612012 0.000010 0.000992
0.000010 0.999948 0.000010 0.000010 0.000012 0.000010
0.119595 0.000010 0.263891 0.610722 0.000010 0.005772
0.000010 0.000010 0.000010 0.000010 0.999950 0.000010
0.000010 0.999950 0.000010 0.000010 0.000010 0.000010
0.231759 0.130863 0.323278 0.023281 0.186115 0.104704
0.875185 0.045678 0.050546 0.000010 0.028571 0.000010
0.112291 0.000010 0.019280 0.005899 0.000010 0.862510
0.419064 0.033793 0.337665 0.002284 0.007453 0.199741
0.999950 0.000010 0.000010 0.000010 0.000010 0.000010
0.035347 0.021484 0.350223 0.547860 0.006735 0.038351
0.000010 0.000010 0.999950 0.000010 0.000010 0.000010
0.433092 0.009302 0.305134 0.006736 0.040016 0.205721
0.247707 0.145830 0.310880 0.012394 0.118611 0.164578
0.460018 0.017861 0.293972 0.011112 0.018129 0.198908
0.999950 0.000010 0.000010 0.000010 0.000010 0.000010
0.541428 0.007194 0.224781 0.010185 0.004052 0.212360
0.999950 0.000010 0.000010 0.000010 0.000010 0.000010
0.052540 0.017181 0.011503 0.004376 0.000010 0.914390
0.000014 0.999937 0.000010 0.000010 0.000019 0.000010
0.484480 0.017061 0.267302 0.007548 0.015752 0.207857
0.397746 0.014163 0.332950 0.012449 0.002551 0.240141
0.999950 0.000010 0.000010 0.000010 0.000010 0.000010
0.556423 0.014947 0.228369 0.015471 0.019168 0.165622
0.496815 0.013306 0.285782 0.003191 0.015562 0.185344
0.297232 0.033563 0.249373 0.014640 0.030259 0.374934
0.389353 0.011841 0.331487 0.009628 0.062961 0.194729
0.393612 0.035707 0.347387 0.007555 0.041865 0.173874
0.999950 0.000010 0.000010 0.000010 0.000010 0.000010
0.039242 0.040797 0.003241 0.000010 0.916700 0.000010
0.958297 0.010200 0.026772 0.000010 0.004711 0.000010
0.059114 0.007206 0.887808 0.000010 0.001656 0.044206
0.941441 0.000010 0.015721 0.000010 0.000010 0.042808
0.107217 0.523838 0.261153 0.000010 0.086111 0.021671
0.332484 0.191618 0.332657 0.005590 0.104727 0.032923
0.569365 0.014556 0.221574 0.003125 0.006426 0.184954
0.685475 0.044657 0.213645 0.000867 0.048188 0.007168
0.366891 0.050129 0.298368 0.002924 0.029756 0.251931
0.604702 0.045078 0.233487 0.004204 0.022130 0.090399
0.571922 0.111799 0.242445 0.002753 0.071071 0.000010
0.430997 0.008658 0.270936 0.007404 0.020297 0.261708
0.999946 0.000010 0.000010 0.000010 0.000014 0.000010
0.999950 0.000010 0.000010 0.000010 0.000010 0.000010
0.190478 0.100055 0.272568 0.029387 0.126757 0.280754
0.789976 0.076850 0.053405 0.000010 0.057084 0.022675
0.969002 0.004695 0.016475 0.000010 0.009809 0.000010
0.562954 0.023140 0.250427 0.004229 0.031049 0.128201
0.276868 0.000010 0.104716 0.001279 0.005158 0.611970
0.999950 0.000010 0.000010 0.000010 0.000010 0.000010
0.519503 0.019450 0.295848 0.007222 0.015478 0.142499
0.551000 0.018908 0.277902 0.006489 0.000010 0.145691
0.763657 0.005465 0.125950 0.000010 0.045018 0.059899
0.268191 0.135450 0.324010 0.004541 0.099657 0.168151
0.000010 0.000011 0.000013 0.000012 0.999944 0.000010
0.999950 0.000010 0.000010 0.000010 0.000010 0.000010
0.999950 0.000010 0.000010 0.000010 0.000010 0.000010
0.000010 0.989818 0.010142 0.000010 0.000010 0.000010
0.136813 0.429726 0.368567 0.000010 0.064874 0.000010
0.073028 0.065153 0.494899 0.008249 0.046851 0.311819
0.075706 0.000010 0.031382 0.000010 0.000010 0.892882
0.327265 0.102794 0.310789 0.008824 0.113666 0.136662
0.150241 0.191003 0.324668 0.000010 0.280992 0.053086
0.099473 0.000010 0.081993 0.003867 0.015729 0.798929
0.000010 0.000010 0.000010 0.000010 0.999950 0.000010
0.199810 0.000010 0.036510 0.017995 0.000010 0.745665
0.647479 0.038656 0.192571 0.008188 0.013163 0.099943
0.547381 0.103049 0.242005 0.003539 0.104016 0.000010
0.000010 0.000010 0.000010 0.000010 0.999950 0.000010
0.246988 0.065341 0.419160 0.006704 0.063560 0.198247
0.000010 0.000010 0.000010 0.000010 0.999950 0.000010
0.232112 0.135129 0.381018 0.010574 0.151990 0.089176
0.102092 0.009883 0.060444 0.005874 0.001755 0.819952
0.999950 0.000010 0.000010 0.000010 0.000010 0.000010
0.000010 0.000010 0.999950 0.000010 0.000010 0.000010
0.044106 0.011035 0.274000 0.593217 0.000010 0.077632
0.096372 0.000010 0.071640 0.000010 0.000624 0.831344
0.000010 0.000010 0.999950 0.000010 0.000010 0.000010
0.000013 0.000010 0.000010 0.000010 0.000010 0.999947
0.000010 0.000010 0.999950 0.000010 0.000010 0.000010
0.000010 0.000010 0.000010 0.000010 0.000010 0.999950
0.161421 0.005560 0.127237 0.002511 0.000010 0.703262
0.000010 0.000010 0.000010 0.000010 0.000010 0.999950
0.134496 0.041223 0.072446 0.012997 0.006889 0.731949
0.094321 0.000010 0.075411 0.000010 0.002374 0.827874
0.000010 0.000010 0.000010 0.000010 0.000010 0.999950
0.095637 0.000010 0.271262 0.623307 0.000010 0.009774
0.000010 0.000010 0.000010 0.000010 0.000010 0.999950
0.096304 0.007137 0.036834 0.000012 0.000010 0.859702
0.573084 0.007344 0.140769 0.000010 0.009637 0.269155
0.141634 0.003758 0.029636 0.000010 0.000010 0.824953
0.644345 0.015899 0.141295 0.000010 0.000010 0.198440
0.101162 0.009231 0.028972 0.000010 0.000010 0.860615
0.628306 0.050794 0.115672 0.000010 0.029764 0.175453
0.020954 0.000010 0.979006 0.000010 0.000010 0.000010
0.159792 0.211643 0.338727 0.000010 0.234827 0.055002
0.000011 0.000010 0.000011 0.000010 0.000010 0.999948
0.163947 0.214663 0.333775 0.000010 0.233936 0.053669
0.000019 0.000010 0.000010 0.000010 0.000010 0.999941
0.058621 0.004750 0.000010 0.000010 0.006497 0.930111
0.000010 0.000010 0.999950 0.000010 0.000010 0.000010
0.054936 0.000010 0.274501 0.602978 0.000010 0.067565
0.007258 0.000010 0.992700 0.000010 0.000012 0.000010
0.000010 0.000010 0.999950 0.000010 0.000010 0.000010
0.000010 0.000010 0.999950 0.000010 0.000010 0.000010
0.488603 0.000010 0.511357 0.000010 0.000011 0.000010
0.000758 0.011762 0.000010 0.000010 0.000010 0.987450
0.063029 0.000010 0.000010 0.000010 0.000010 0.936931
0.000010 0.000010 0.999950 0.000010 0.000010 0.000010
0.070917 0.000010 0.000010 0.000010 0.000010 0.929043
0.000010 0.000010 0.999950 0.000010 0.000010 0.000010
0.195702 0.115294 0.455029 0.008352 0.123943 0.101679
0.067543 0.064200 0.455571 0.006300 0.045151 0.361234
0.060107 0.040746 0.466227 0.008881 0.027925 0.396115
0.087023 0.075660 0.537894 0.008255 0.083955 0.207213
0.139178 0.053086 0.480156 0.005341 0.039933 0.282306
0.080117 0.019948 0.444321 0.003063 0.029749 0.422802
0.060779 0.074551 0.488782 0.002554 0.048445 0.324888
0.342759 0.025473 0.280804 0.007206 0.020324 0.323433
0.065405 0.062434 0.467081 0.004847 0.035191 0.365043
0.078437 0.051342 0.468668 0.005343 0.038364 0.357846
0.141103 0.059596 0.445489 0.003793 0.048999 0.301020
0.077891 0.086803 0.454910 0.003689 0.055740 0.320967
0.026069 0.000010 0.000018 0.000010 0.000010 0.973883
0.089401 0.072578 0.520730 0.003736 0.047070 0.266485
0.000010 0.000010 0.999950 0.000010 0.000010 0.000010
0.068627 0.062243 0.502111 0.005109 0.032490 0.329418
0.000010 0.000010 0.999950 0.000010 0.000010 0.000010
0.000010 0.000010 0.948540 0.000010 0.000010 0.051420
0.284426 0.075720 0.338058 0.005273 0.035494 0.261029
0.306673 0.041197 0.305018 0.007979 0.043080 0.296053
0.073788 0.044915 0.467796 0.009157 0.025270 0.379074
0.264596 0.021069 0.333839 0.007488 0.028895 0.344112
0.096152 0.053033 0.471669 0.005322 0.024536 0.349289
0.073804 0.047788 0.482359 0.006235 0.043838 0.345976
0.083236 0.057378 0.452256 0.003614 0.043918 0.359599
0.077537 0.083350 0.518844 0.002423 0.068915 0.248932
0.158137 0.066138 0.464139 0.004754 0.055383 0.251450
0.096613 0.078732 0.469684 0.005611 0.061576 0.287784
0.147966 0.062059 0.501749 0.006380 0.027957 0.253888
0.000010 0.000010 0.008519 0.000010 0.000010 0.991441
0.251099 0.109801 0.421747 0.010749 0.063021 0.143583
0.000010 0.000010 0.999950 0.000010 0.000010 0.000010
0.161749 0.094098 0.461468 0.008149 0.153081 0.121455
0.000010 0.000010 0.000010 0.000010 0.999950 0.000010
0.118956 0.064178 0.526446 0.003871 0.056645 0.229904
0.000010 0.000010 0.000010 0.000010 0.999950 0.000010
0.064888 0.000010 0.000010 0.000010 0.000010 0.935072
0.019143 0.010946 0.000019 0.000010 0.000010 0.969872
0.000010 0.000010 0.000010 0.000010 0.000010 0.999950
0.000010 0.000010 0.999950 0.000010 0.000010 0.000010
0.000010 0.000010 0.999950 0.000010 0.000010 0.000010
0.000010 0.000010 0.000010 0.000010 0.000010 0.999950
0.003269 0.000010 0.000010 0.000011 0.000010 0.996690
0.000010 0.000010 0.000010 0.000010 0.000010 0.999950
0.000010 0.000010 0.999950 0.000010 0.000010 0.000010
0.000010 0.000010 0.000010 0.000010 0.999950 0.000010
0.000010 0.000010 0.999950 0.000010 0.000010 0.000010
0.000010 0.000010 0.999950 0.000010 0.000010 0.000010
0.000010 0.000010 0.000010 0.000010 0.999950 0.000010
0.000010 0.000010 0.000010 0.999950 0.000010 0.000010
0.000010 0.000010 0.999950 0.000010 0.000010 0.000010
0.000010 0.000010 0.000010 0.999950 0.000010 0.000010
0.000010 0.000013 0.999947 0.000010 0.000010 0.000010
0.000010 0.000010 0.000010 0.000010 0.999950 0.000010
0.000010 0.000010 0.000010 0.000010 0.999950 0.000010
0.000010 0.000010 0.000010 0.000010 0.000010 0.999950
0.000010 0.000010 0.000010 0.000010 0.000010 0.999950
0.000014 0.000012 0.000010 0.000010 0.000010 0.999944
0.000010 0.000010 0.000010 0.000010 0.000010 0.999950
0.000010 0.000010 0.000010 0.000010 0.000010 0.999950
0.071554 0.006463 0.272091 0.582078 0.000010 0.067803
0.118358 0.048492 0.512666 0.002723 0.067606 0.250154
0.100666 0.055134 0.524884 0.000782 0.067826 0.250708
0.023023 0.002405 0.974543 0.000010 0.000010 0.000010
0.000010 0.000010 0.000010 0.000010 0.999950 0.000010
0.093905 0.056021 0.504211 0.004160 0.041464 0.300239
0.000010 0.000010 0.000010 0.000010 0.999950 0.000010
0.141147 0.034730 0.434952 0.005314 0.020329 0.363528
0.134086 0.039151 0.471750 0.005159 0.039743 0.310109
0.000010 0.000010 0.999949 0.000010 0.000011 0.000010
0.000010 0.000010 0.999950 0.000010 0.000010 0.000010
0.000010 0.000010 0.999950 0.000010 0.000010 0.000010
0.000010 0.000010 0.999950 0.000010 0.000010 0.000010
0.000010 0.000010 0.999950 0.000010 0.000010 0.000010
0.243426 0.228650 0.292321 0.003076 0.158444 0.074082
0.125101 0.057455 0.546063 0.003743 0.039120 0.228517
0.138219 0.073468 0.496855 0.004661 0.074469 0.212328
0.000010 0.000010 0.000010 0.000010 0.999950 0.000010
0.171475 0.077281 0.459615 0.001403 0.116586 0.173639
0.116511 0.000010 0.073420 0.000010 0.028499 0.781550
0.162574 0.000010 0.063210 0.000010 0.000010 0.774187
0.000010 0.000010 0.000010 0.000010 0.000010 0.999950
0.000010 0.000010 0.000010 0.000010 0.999950 0.000010
0.000010 0.000010 0.000010 0.000010 0.999950 0.000010
0.067403 0.000010 0.022052 0.000010 0.000010 0.910515
0.182230 0.000010 0.183072 0.600727 0.000010 0.033951
0.087384 0.000010 0.030788 0.000010 0.000010 0.881798
0.000010 0.000016 0.000013 0.000010 0.999941 0.000010
0.091241 0.038989 0.535661 0.003066 0.023706 0.307338
0.084299 0.036176 0.436715 0.004342 0.023593 0.414876
0.297240 0.194697 0.265631 0.005028 0.153718 0.083686
0.200818 0.045895 0.486518 0.001137 0.033525 0.232106
0.206170 0.041202 0.442275 0.006083 0.100892 0.203379
0.000010 0.000010 0.000010 0.000010 0.999950 0.000010
0.000010 0.000010 0.999950 0.000010 0.000010 0.000010
0.017253 0.000010 0.000010 0.000010 0.000010 0.982707
0.038263 0.000010 0.961697 0.000010 0.000010 0.000010
0.034471 0.021197 0.933779 0.000010 0.010534 0.000010
0.063303 0.000010 0.000010 0.000010 0.000010 0.936657
0.218350 0.161121 0.274333 0.008319 0.138203 0.199674
0.054880 0.000010 0.023407 0.000010 0.000010 0.921683
0.128610 0.275587 0.240750 0.221204 0.119237 0.014611
0.000010 0.000010 0.000010 0.999950 0.000010 0.000010
0.346977 0.051309 0.272054 0.013480 0.048909 0.267272
0.081965 0.081311 0.480290 0.007751 0.053688 0.294995
0.263440 0.170647 0.319329 0.005943 0.159874 0.080768
0.085208 0.032721 0.521221 0.012610 0.051082 0.297159
0.034847 0.015060 0.177000 0.007512 0.011121 0.754459
0.044740 0.054274 0.176866 0.001930 0.020639 0.701550
0.066955 0.042588 0.304826 0.558048 0.001961 0.025622
0.067163 0.040051 0.306020 0.557318 0.003996 0.025452
0.077965 0.505253 0.384976 0.000010 0.031785 0.000010
0.365532 0.166841 0.240502 0.001311 0.140085 0.085729
0.226469 0.116369 0.284640 0.001994 0.131522 0.239006
0.000010 0.000010 0.000010 0.999950 0.000010 0.000010
0.094350 0.057307 0.521098 0.006713 0.059301 0.261231
0.016930 0.000010 0.000010 0.000010 0.000010 0.983030
0.206061 0.102279 0.312325 0.009338 0.083421 0.286577
0.000010 0.054100 0.000010 0.000010 0.945860 0.000010
0.076312 0.033012 0.124961 0.004141 0.010721 0.750852
0.079736 0.000010 0.037744 0.000010 0.000010 0.882491
0.084861 0.000010 0.055837 0.000010 0.005227 0.854055
0.036741 0.000010 0.030839 0.000010 0.018718 0.913682
0.277046 0.007664 0.071624 0.008834 0.000010 0.634821
0.062714 0.041266 0.450051 0.008608 0.074992 0.362369
0.134683 0.044098 0.426383 0.006124 0.074546 0.314168
0.000010 0.000010 0.055097 0.000010 0.000010 0.944863
0.144324 0.054093 0.513187 0.000010 0.052181 0.236206
0.141045 0.043813 0.425476 0.002932 0.094784 0.291951
0.137205 0.000519 0.040769 0.000286 0.000010 0.821211
0.070373 0.074087 0.416290 0.002365 0.027201 0.409684
0.051676 0.076516 0.437697 0.004610 0.030874 0.398627
0.099497 0.084452 0.503469 0.007268 0.003108 0.302206
0.066841 0.000010 0.024105 0.000010 0.000010 0.909025
0.070535 0.083703 0.508891 0.003522 0.028310 0.305039
0.115685 0.000010 0.005631 0.000010 0.000010 0.878653
0.155952 0.008748 0.018877 0.000010 0.000010 0.816403
0.068098 0.039762 0.527873 0.004783 0.034418 0.325066
0.120390 0.033895 0.482853 0.001130 0.039040 0.322693
0.132723 0.055825 0.443545 0.001317 0.025671 0.340920
0.060620 0.061796 0.508939 0.004546 0.062871 0.301228
0.079133 0.000010 0.043456 0.000010 0.000010 0.877381
0.156376 0.000010 0.077653 0.000010 0.000010 0.765941
0.099001 0.000010 0.104482 0.000010 0.000010 0.796487
0.026414 0.055575 0.496377 0.004040 0.037528 0.380066
0.000011 0.000010 0.000010 0.000010 0.000010 0.999949
0.048786 0.077777 0.497945 0.004458 0.032887 0.338147
0.205537 0.000010 0.110942 0.009286 0.011191 0.663033
0.020701 0.000010 0.072297 0.000010 0.007870 0.899113
0.154184 0.050108 0.163435 0.000010 0.000590 0.631673
0.078558 0.012001 0.098325 0.001291 0.008614 0.801211
0.109662 0.071307 0.477552 0.002936 0.061411 0.277131
0.052098 0.068637 0.564202 0.000010 0.046120 0.268933
0.053572 0.082048 0.459803 0.008311 0.081627 0.314639
0.047563 0.072381 0.563039 0.000010 0.049488 0.267519
0.077571 0.060058 0.511471 0.002457 0.055804 0.292640
0.047800 0.066114 0.550500 0.000010 0.054880 0.280696
0.059729 0.006274 0.022798 0.000010 0.000010 0.911179
0.042200 0.000010 0.022381 0.000010 0.000010 0.935390
0.101249 0.000010 0.000010 0.000010 0.000010 0.898711
0.073418 0.000010 0.020760 0.003674 0.000010 0.902128
0.120122 0.034774 0.427401 0.011742 0.023635 0.382326
0.011713 0.007912 0.031744 0.000010 0.003344 0.945277
0.076990 0.000010 0.021223 0.000010 0.000010 0.901757
0.079427 0.000010 0.029925 0.000010 0.000824 0.889804
0.261621 0.011483 0.117737 0.000010 0.004800 0.604349
0.213673 0.000828 0.067637 0.000010 0.000010 0.717841
0.266910 0.006583 0.056535 0.000010 0.000010 0.669952
0.080778 0.064639 0.471824 0.006507 0.054791 0.321462
0.019919 0.000010 0.000010 0.000010 0.000010 0.980041
0.000010 0.000010 0.000010 0.000010 0.000010 0.999950
0.096212 0.000010 0.000010 0.000010 0.000010 0.903748
0.032469 0.000010 0.000010 0.000010 0.000010 0.967491
0.073013 0.065764 0.548014 0.000010 0.049711 0.263488
0.101138 0.087999 0.464222 0.003940 0.038811 0.303891
0.041104 0.084095 0.567896 0.000010 0.057220 0.249675
0.057734 0.093300 0.505291 0.002977 0.062908 0.277790
0.086912 0.000010 0.000020 0.000010 0.000010 0.913038
0.090857 0.000010 0.003866 0.000010 0.006450 0.898807
0.057067 0.106814 0.476858 0.007913 0.072053 0.279295
0.149144 0.000010 0.000010 0.000010 0.000010 0.850816
0.120059 0.009183 0.000010 0.000010 0.000010 0.870728
0.136615 0.076068 0.450969 0.006722 0.043621 0.286005
0.105428 0.003682 0.008624 0.000010 0.000249 0.882007
0.131649 0.062117 0.487786 0.005295 0.061574 0.251580
0.217450 0.033712 0.398645 0.015315 0.029119 0.305760
0.130280 0.000010 0.039294 0.000010 0.000010 0.830396
0.023269 0.000010 0.066891 0.000010 0.010466 0.899354
0.073369 0.084482 0.513559 0.001337 0.022817 0.304436
0.087057 0.098730 0.518598 0.005375 0.014990 0.275251
0.047297 0.059367 0.472625 0.002827 0.057914 0.359970
0.069601 0.045029 0.513234 0.000341 0.049264 0.322531
0.078093 0.078851 0.505350 0.005501 0.054484 0.277721
0.205367 0.000010 0.129418 0.000010 0.000010 0.665184
0.000010 0.999950 0.000010 0.000010 0.000010 0.000010
0.000010 0.999950 0.000010 0.000010 0.000010 0.000010
0.156600 0.000010 0.089129 0.000010 0.000010 0.754240
0.151178 0.042761 0.391265 0.008633 0.036538 0.369624
0.038563 0.062379 0.534797 0.005792 0.067228 0.291241
0.101835 0.030035 0.454106 0.010612 0.076202 0.327209
0.047894 0.056074 0.497413 0.004799 0.043181 0.350639
0.039806 0.050134 0.546341 0.000216 0.066124 0.297378
0.141933 0.027342 0.500336 0.002842 0.036906 0.290641
0.045989 0.000010 0.014678 0.000010 0.000010 0.939303
0.068776 0.060101 0.521460 0.000213 0.039184 0.310266
0.148615 0.000010 0.026350 0.000010 0.000010 0.825005
0.113771 0.000724 0.049067 0.000010 0.000010 0.836418
0.000010 0.000010 0.000010 0.000010 0.000010 0.999950
0.000010 0.000010 0.025053 0.000010 0.000010 0.974907
0.169731 0.000010 0.029898 0.000010 0.000010 0.800341
0.000010 0.000010 0.000010 0.000010 0.000010 0.999950
0.052652 0.094196 0.531702 0.004345 0.062064 0.255041
0.202181 0.072588 0.400307 0.008649 0.061391 0.254885
0.100622 0.044798 0.452151 0.007954 0.035733 0.358742
0.000010 0.000011 0.000014 0.000010 0.999945 0.000010
0.131330 0.024036 0.520706 0.002360 0.042671 0.278898
0.068872 0.059857 0.490296 0.005525 0.045681 0.329769
0.041131 0.069817 0.532761 0.004088 0.067176 0.285027
0.174416 0.050588 0.399212 0.007280 0.029553 0.338952
0.085463 0.046098 0.441720 0.008991 0.052210 0.365517
0.108317 0.080343 0.494540 0.011849 0.066045 0.238905
0.102963 0.031921 0.494846 0.005234 0.029328 0.335709
0.058541 0.067467 0.465147 0.004246 0.038833 0.365766
0.099473 0.068134 0.508313 0.006196 0.053587 0.264296
0.112481 0.021526 0.455206 0.008521 0.012168 0.390099
0.566683 0.000010 0.050997 0.382290 0.000010 0.000010
0.197972 0.081284 0.433455 0.006925 0.069159 0.211205
0.125719 0.086958 0.499635 0.005921 0.041604 0.240162
0.276553 0.065759 0.354122 0.002669 0.029886 0.271011
0.044543 0.068381 0.494009 0.009749 0.055179 0.328140
0.130789 0.049736 0.435328 0.022861 0.051467 0.309820
0.000010 0.000010 0.000010 0.000010 0.999950 0.000010
0.069265 0.074658 0.502542 0.007013 0.078501 0.268020
0.191621 0.041605 0.488822 0.001480 0.018035 0.258436
0.000010 0.000010 0.000010 0.000010 0.000010 0.999950
0.016817 0.050230 0.466768 0.019051 0.135137 0.311997
0.136735 0.475403 0.320565 0.000010 0.015323 0.051964
0.096208 0.087020 0.503800 0.004422 0.050023 0.258527
0.999950 0.000010 0.000010 0.000010 0.000010 0.000010
0.097617 0.075769 0.463959 0.015364 0.031259 0.316032
0.128179 0.071987 0.464310 0.010398 0.037685 0.287441
