0.000013 0.999927 0.000010 0.000010 0.000010 0.000010 0.000010 0.000010
0.084771 0.199990 0.084245 0.030650 0.041047 0.100823 0.393655 0.064820
0.000010 0.186305 0.151564 0.010086 0.002017 0.212923 0.320755 0.116340
0.081927 0.140199 0.028920 0.313255 0.088038 0.000010 0.347640 0.000010
0.753376 0.000010 0.000010 0.044244 0.110009 0.054969 0.037372 0.000010
0.018085 0.067955 0.041388 0.004812 0.004651 0.521200 0.218620 0.123288
0.000010 0.085073 0.166959 0.000010 0.000010 0.428815 0.247625 0.071498
0.202066 0.127197 0.058902 0.060189 0.075030 0.127738 0.307114 0.041764
0.174734 0.117454 0.030591 0.046020 0.059271 0.124497 0.321893 0.125540
0.126148 0.123609 0.080849 0.058636 0.054204 0.064796 0.378545 0.113213
0.016354 0.109961 0.097836 0.015302 0.017252 0.179757 0.342402 0.221135
0.057208 0.149395 0.085949 0.053602 0.006641 0.152397 0.427435 0.067374
0.000010 0.074475 0.109449 0.000010 0.036013 0.477860 0.197903 0.104279
0.011433 0.126667 0.143420 0.010183 0.012699 0.190769 0.333827 0.171002
0.000010 0.067641 0.465442 0.003774 0.002307 0.234655 0.129583 0.096588
0.000010 0.213167 0.264742 0.000010 0.000010 0.073221 0.354878 0.093962
0.000010 0.068669 0.029085 0.000010 0.000010 0.133734 0.712988 0.055494
0.073842 0.000010 0.000010 0.000010 0.016801 0.036993 0.834595 0.037739
0.000010 0.065372 0.113906 0.000010 0.000010 0.465699 0.221781 0.133213
0.137424 0.120458 0.039918 0.047081 0.041956 0.182524 0.397912 0.032726
0.000010 0.201597 0.251755 0.001109 0.000010 0.104809 0.339931 0.100779
0.010872 0.132969 0.138272 0.019041 0.006847 0.151396 0.361210 0.179393
0.000017 0.022971 0.030710 0.000010 0.000010 0.922163 0.009144 0.014976
0.000014 0.000010 0.000019 0.000010 0.000015 0.999913 0.000010 0.000010
0.000010 0.010584 0.423744 0.000010 0.000010 0.116838 0.283048 0.165756
0.000010 0.000010 0.999930 0.000010 0.000010 0.000010 0.000010 0.000010
0.000010 0.018454 0.079861 0.000010 0.039653 0.813741 0.012045 0.036227
0.000010 0.000010 0.000010 0.000010 0.000010 0.999930 0.000010 0.000010
0.000010 0.018732 0.020341 0.000010 0.000010 0.834336 0.115162 0.011398
0.000010 0.000496 0.081730 0.000010 0.113341 0.763285 0.029786 0.011341
0.000010 0.069560 0.563381 0.000010 0.000010 0.093513 0.173985 0.099531
0.000010 0.057093 0.445925 0.000010 0.075601 0.078553 0.227999 0.114809
0.038570 0.000010 0.000010 0.000010 0.000010 0.961370 0.000010 0.000010
0.000010 0.057530 0.357806 0.000010 0.036438 0.050811 0.300488 0.196908
0.000010 0.108834 0.269395 0.214431 0.000010 0.079270 0.273572 0.054477
0.000010 0.013795 0.110435 0.000010 0.000010 0.795847 0.068660 0.011232
0.000010 0.999930 0.000010 0.000010 0.000010 0.000010 0.000010 0.000010
0.018133 0.007397 0.043249 0.000010 0.000050 0.902521 0.000010 0.028630
0.000010 0.014021 0.418420 0.000010 0.000010 0.116605 0.290606 0.160318
0.028682 0.000010 0.000010 0.000010 0.000198 0.945599 0.000010 0.025481
0.000010 0.084156 0.174087 0.010995 0.157778 0.134813 0.241546 0.196616
0.000010 0.999930 0.000010 0.000010 0.000010 0.000010 0.000010 0.000010
0.000010 0.000010 0.000010 0.613818 0.264913 0.066124 0.000010 0.055105
0.000010 0.000013 0.999920 0.000011 0.000016 0.000010 0.000010 0.000010
0.000010 0.000010 0.999930 0.000010 0.000010 0.000010 0.000010 0.000010
0.000010 0.032966 0.452077 0.000010 0.000010 0.081988 0.263332 0.169608
0.000010 0.000010 0.999930 0.000010 0.000010 0.000010 0.000010 0.000010
0.000010 0.000010 0.999926 0.000010 0.000010 0.000014 0.000010 0.000010
0.000010 0.107487 0.263628 0.217369 0.000010 0.082065 0.273486 0.055946
0.000010 0.000010 0.000010 0.000010 0.000010 0.999930 0.000010 0.000010
0.000010 0.016129 0.109722 0.000010 0.065565 0.756534 0.052021 0.000010
0.000010 0.000010 0.000012 0.999928 0.000010 0.000010 0.000010 0.000010
0.000010 0.000010 0.999930 0.000010 0.000010 0.000010 0.000010 0.000010
0.000010 0.064354 0.088177 0.000010 0.000010 0.776767 0.055790 0.014882
0.000010 0.000010 0.999924 0.000010 0.000010 0.000010 0.000016 0.000010
0.000010 0.000010 0.000011 0.999929 0.000010 0.000010 0.000010 0.000010
0.012113 0.008870 0.038508 0.000010 0.000010 0.910335 0.002225 0.027929
0.000010 0.000010 0.000010 0.999930 0.000010 0.000010 0.000010 0.000010
0.000010 0.016321 0.445351 0.000010 0.000010 0.046088 0.341886 0.150326
0.000010 0.574355 0.039272 0.000010 0.000010 0.351764 0.021170 0.013408
0.000010 0.000010 0.999930 0.000010 0.000010 0.000010 0.000010 0.000010
0.000010 0.000010 0.000010 0.999930 0.000010 0.000010 0.000010 0.000010
0.000010 0.000010 0.000010 0.999930 0.000010 0.000010 0.000010 0.000010
0.000010 0.000010 0.999930 0.000010 0.000010 0.000010 0.000010 0.000010
0.000010 0.999922 0.000018 0.000010 0.000010 0.000010 0.000010 0.000010
0.000010 0.000018 0.999922 0.000010 0.000010 0.000010 0.000010 0.000010
0.000011 0.000010 0.000010 0.999925 0.000010 0.000013 0.000010 0.000010
0.000010 0.000010 0.000010 0.999930 0.000010 0.000010 0.000010 0.000010
0.000010 0.022707 0.912119 0.000010 0.000010 0.065124 0.000010 0.000010
0.000010 0.000010 0.999930 0.000010 0.000010 0.000010 0.000010 0.000010
0.000010 0.000010 0.000010 0.999930 0.000010 0.000010 0.000010 0.000010
0.000010 0.999919 0.000010 0.000010 0.000017 0.000010 0.000014 0.000010
0.000010 0.999930 0.000010 0.000010 0.000010 0.000010 0.000010 0.000010
0.000010 0.000010 0.000010 0.999930 0.000010 0.000010 0.000010 0.000010
0.000010 0.000010 0.000010 0.594093 0.272137 0.111726 0.000010 0.022003
0.000010 0.000010 0.000010 0.790016 0.000010 0.209924 0.000010 0.000010
0.000010 0.000010 0.000010 0.999920 0.000010 0.000011 0.000019 0.000010
0.000010 0.000010 0.000010 0.999930 0.000010 0.000010 0.000010 0.000010
0.000010 0.999930 0.000010 0.000010 0.000010 0.000010 0.000010 0.000010
0.000010 0.011260 0.448475 0.000010 0.028152 0.084533 0.299998 0.127563
0.000010 0.000011 0.924084 0.000013 0.000019 0.075842 0.000010 0.000010
0.049500 0.018890 0.052522 0.000010 0.025359 0.522658 0.183017 0.148044
0.000010 0.000010 0.956611 0.000010 0.000010 0.043329 0.000010 0.000010
0.000010 0.000010 0.000010 0.999930 0.000010 0.000010 0.000010 0.000010
0.018190 0.034609 0.042799 0.000010 0.012402 0.810784 0.069492 0.011714
0.167637 0.008940 0.000010 0.008227 0.064738 0.659941 0.090497 0.000010
0.999930 0.000010 0.000010 0.000010 0.000010 0.000010 0.000010 0.000010
0.000010 0.024178 0.060570 0.000010 0.000010 0.913638 0.000010 0.001573
0.000010 0.004285 0.995650 0.000010 0.000015 0.000010 0.000010 0.000010
0.000010 0.031154 0.128165 0.000010 0.000010 0.835361 0.000010 0.005280
0.000010 0.000010 0.000010 0.581464 0.249030 0.125121 0.000010 0.044345
0.000013 0.000010 0.986905 0.000010 0.000010 0.013032 0.000010 0.000010
0.000010 0.000010 0.013297 0.000010 0.057940 0.916597 0.000010 0.012125
0.037107 0.037756 0.057368 0.000010 0.000010 0.106197 0.694550 0.067003
0.000010 0.000010 0.000010 0.603531 0.268487 0.101270 0.000010 0.026672
0.000010 0.000010 0.000010 0.561545 0.253037 0.092152 0.000010 0.093226
0.000010 0.000010 0.000010 0.999930 0.000010 0.000010 0.000010 0.000010
0.000010 0.000010 0.000010 0.614265 0.280684 0.083864 0.000010 0.021146
0.000010 0.013195 0.054160 0.000010 0.000010 0.932595 0.000010 0.000010
0.000010 0.000010 0.006788 0.632707 0.307885 0.030718 0.000010 0.021872
0.012417 0.005213 0.034309 0.000545 0.013533 0.740525 0.131795 0.061662
0.000010 0.000010 0.000010 0.000010 0.000010 0.999930 0.000010 0.000010
0.000010 0.071848 0.099081 0.000010 0.005147 0.807234 0.000010 0.016660
0.081577 0.011825 0.034341 0.006066 0.000010 0.708033 0.158139 0.000010
0.000010 0.000010 0.000010 0.569020 0.211081 0.142137 0.000010 0.077723
0.012125 0.000010 0.009576 0.000010 0.014206 0.785524 0.066825 0.111723
0.000010 0.000010 0.999930 0.000010 0.000010 0.000010 0.000010 0.000010
0.105684 0.016219 0.041034 0.000284 0.000010 0.273549 0.552808 0.010413
0.011368 0.036561 0.068717 0.000010 0.000010 0.070262 0.689086 0.123986
0.093420 0.155386 0.203709 0.000010 0.020527 0.388195 0.059760 0.078993
0.000010 0.000010 0.000010 0.000010 0.018150 0.956494 0.000010 0.025306
0.000010 0.017781 0.098848 0.000010 0.021008 0.798187 0.039041 0.025117
0.000010 0.999925 0.000015 0.000010 0.000010 0.000010 0.000010 0.000010
0.000010 0.999930 0.000010 0.000010 0.000010 0.000010 0.000010 0.000010
0.000010 0.051886 0.067419 0.000010 0.005822 0.820959 0.035187 0.018707
0.059411 0.010675 0.000010 0.000010 0.087703 0.000010 0.039392 0.802790
0.000010 0.000016 0.999924 0.000010 0.000010 0.000010 0.000010 0.000010
0.000010 0.532917 0.065263 0.000010 0.000010 0.338966 0.056148 0.006676
0.000010 0.014213 0.075342 0.000010 0.031749 0.797833 0.052207 0.028637
0.084195 0.000010 0.000010 0.000010 0.037709 0.417079 0.355599 0.105388
0.000010 0.049144 0.052861 0.000010 0.000010 0.680655 0.126798 0.090511
0.000010 0.082441 0.070517 0.002699 0.000010 0.559684 0.169606 0.115033
0.000010 0.031883 0.018724 0.000010 0.000010 0.949343 0.000010 0.000010
0.099262 0.007819 0.000010 0.000010 0.790349 0.052560 0.041375 0.008614
0.000010 0.000010 0.000010 0.602347 0.277783 0.086504 0.000010 0.033325
0.000010 0.026657 0.080466 0.000010 0.073965 0.787541 0.007080 0.024270
0.000010 0.030536 0.064046 0.000010 0.019270 0.837229 0.044634 0.004265
0.000011 0.077958 0.076917 0.000010 0.000010 0.555276 0.184997 0.104821
0.000010 0.000010 0.000010 0.000010 0.000010 0.000010 0.000010 0.999930
0.000010 0.999920 0.000010 0.000010 0.000020 0.000010 0.000010 0.000010
0.039253 0.030303 0.055327 0.005516 0.122038 0.420674 0.214329 0.112560
0.000010 0.013495 0.036779 0.000010 0.000010 0.947385 0.000010 0.002302
0.000010 0.018010 0.092050 0.000010 0.000010 0.850786 0.001289 0.037835
0.000010 0.163126 0.172362 0.000562 0.013697 0.177341 0.340190 0.132712
0.011510 0.000010 0.000010 0.000010 0.000010 0.967013 0.000010 0.021427
0.011783 0.016888 0.003882 0.000010 0.014884 0.796530 0.080022 0.076002
0.000010 0.066550 0.097938 0.008520 0.137933 0.229222 0.330485 0.129341
0.000010 0.999930 0.000010 0.000010 0.000010 0.000010 0.000010 0.000010
0.977216 0.000012 0.000010 0.000010 0.022722 0.000010 0.000010 0.000010
0.999930 0.000010 0.000010 0.000010 0.000010 0.000010 0.000010 0.000010
0.051723 0.036810 0.097466 0.008652 0.065138 0.448334 0.221427 0.070450
0.001699 0.008378 0.000010 0.000010 0.035396 0.939260 0.015238 0.000010
0.000010 0.000010 0.000010 0.000010 0.000010 0.999930 0.000010 0.000010
0.000010 0.029782 0.048293 0.000010 0.000010 0.839873 0.078920 0.003102
0.000010 0.000010 0.000010 0.999930 0.000010 0.000010 0.000010 0.000010
0.037765 0.033305 0.022576 0.000010 0.021545 0.617359 0.165734 0.101706
0.122205 0.033828 0.057553 0.000010 0.006702 0.649055 0.059557 0.071089
0.000010 0.000010 0.000010 0.000010 0.000010 0.999930 0.000010 0.000010
0.000010 0.999930 0.000010 0.000010 0.000010 0.000010 0.000010 0.000010
0.000010 0.046554 0.105735 0.002825 0.099308 0.238794 0.364928 0.141845
0.021484 0.018657 0.119300 0.000010 0.044459 0.343903 0.287853 0.164334
0.000010 0.058087 0.441574 0.000010 0.000010 0.076996 0.260590 0.162724
0.000010 0.000010 0.000010 0.999917 0.000018 0.000010 0.000015 0.000010
0.012735 0.008710 0.004852 0.001761 0.000010 0.644421 0.180698 0.146814
0.000010 0.000010 0.000010 0.999930 0.000010 0.000010 0.000010 0.000010
0.000010 0.061147 0.538622 0.000010 0.000010 0.069423 0.184385 0.146392
0.000010 0.023757 0.028782 0.562533 0.211643 0.009654 0.091353 0.072268
0.988623 0.000010 0.000010 0.000010 0.000010 0.011317 0.000010 0.000010
0.000010 0.000010 0.999930 0.000010 0.000010 0.000010 0.000010 0.000010
0.118830 0.000010 0.000010 0.000010 0.123364 0.408684 0.283744 0.065348
0.000010 0.025265 0.018744 0.545479 0.177754 0.024276 0.124488 0.083984
0.000010 0.021736 0.405643 0.000010 0.011307 0.044163 0.345590 0.171539
0.000010 0.000010 0.000010 0.000010 0.000010 0.999930 0.000010 0.000010
0.000010 0.000010 0.000010 0.000010 0.000010 0.999930 0.000010 0.000010
0.000010 0.000010 0.000010 0.000010 0.999930 0.000010 0.000010 0.000010
0.091286 0.012384 0.038830 0.003086 0.039462 0.579593 0.142238 0.093120
0.218462 0.030666 0.052476 0.006105 0.088806 0.326286 0.192723 0.084477
0.000010 0.000010 0.000010 0.000010 0.000010 0.999930 0.000010 0.000010
0.000010 0.049271 0.401279 0.004978 0.000010 0.156706 0.244963 0.142783
0.004858 0.000010 0.000010 0.000010 0.007728 0.986277 0.000010 0.001097
0.000010 0.000010 0.007882 0.000010 0.000256 0.027834 0.001988 0.962011
0.103369 0.021849 0.055570 0.001805 0.074145 0.451072 0.195453 0.096737
0.000010 0.030857 0.483193 0.000010 0.027472 0.085210 0.229783 0.143465
0.000010 0.079027 0.361076 0.000010 0.034098 0.088835 0.325617 0.111327
0.015610 0.098796 0.087529 0.007567 0.052373 0.269361 0.345629 0.123135
0.005012 0.018883 0.011425 0.000010 0.000010 0.041155 0.165446 0.758058
0.000010 0.021227 0.016800 0.000010 0.006026 0.823673 0.067109 0.065145
0.000010 0.059332 0.325242 0.000010 0.000010 0.123957 0.365608 0.125831
0.059686 0.032401 0.042716 0.000078 0.003870 0.236476 0.577935 0.046839
0.000010 0.051431 0.363035 0.000010 0.060616 0.055649 0.326656 0.142593
0.000010 0.000010 0.000010 0.000010 0.000010 0.999930 0.000010 0.000010
0.000010 0.000010 0.999922 0.000010 0.000010 0.000010 0.000018 0.000010
0.000010 0.036903 0.413792 0.000010 0.000010 0.015804 0.360072 0.173399
0.000010 0.112339 0.257842 0.221905 0.000010 0.082358 0.276873 0.048662
0.075523 0.006998 0.029686 0.003142 0.000010 0.359105 0.494792 0.030744
0.000011 0.010571 0.375220 0.000010 0.000010 0.132381 0.287079 0.194718
0.129990 0.015416 0.066802 0.001063 0.029829 0.631640 0.056838 0.068423
0.124409 0.000010 0.000010 0.003892 0.065437 0.461982 0.305706 0.038555
0.056519 0.000973 0.000010 0.000010 0.000010 0.942458 0.000010 0.000010
0.065425 0.000010 0.001136 0.000010 0.015132 0.816791 0.085264 0.016232
0.008691 0.000010 0.000010 0.000010 0.000010 0.882519 0.080681 0.028070
0.786597 0.000010 0.000010 0.006488 0.131546 0.046600 0.000010 0.028738
0.027306 0.000010 0.016709 0.000010 0.000010 0.942026 0.011765 0.002165
0.000010 0.000010 0.999930 0.000010 0.000010 0.000010 0.000010 0.000010
0.999922 0.000010 0.000010 0.000010 0.000018 0.000010 0.000010 0.000010
0.752150 0.000010 0.000010 0.000010 0.016133 0.114728 0.116948 0.000010
0.059848 0.042884 0.000010 0.000010 0.037699 0.041732 0.817807 0.000010
0.000010 0.237473 0.189293 0.000010 0.000010 0.071314 0.392409 0.109481
0.000010 0.006198 0.048531 0.565924 0.192221 0.018552 0.127495 0.041068
0.661021 0.000010 0.000010 0.011704 0.104316 0.116599 0.106330 0.000010
0.089216 0.000010 0.000010 0.000010 0.003723 0.831090 0.067759 0.008183
0.757087 0.000010 0.000010 0.000010 0.094070 0.054313 0.066038 0.028462
0.042167 0.027154 0.040069 0.006689 0.048832 0.322987 0.357240 0.154863
0.079715 0.016676 0.000010 0.000363 0.032116 0.043097 0.828012 0.000010
0.098177 0.000010 0.000010 0.001475 0.032883 0.433113 0.369302 0.065029
0.010557 0.015793 0.027066 0.002313 0.008428 0.567199 0.245153 0.123491
0.964542 0.000010 0.000010 0.000010 0.035398 0.000010 0.000010 0.000010
0.000010 0.022039 0.016122 0.000010 0.000010 0.890491 0.071307 0.000010
0.070113 0.028854 0.187413 0.000010 0.034131 0.209896 0.285347 0.184235
0.000010 0.000010 0.999930 0.000010 0.000010 0.000010 0.000010 0.000010
0.000010 0.999930 0.000010 0.000010 0.000010 0.000010 0.000010 0.000010
0.872673 0.002566 0.000010 0.000010 0.099795 0.000010 0.000010 0.024926
0.018281 0.169646 0.109297 0.023875 0.014125 0.123936 0.373688 0.167153
0.850523 0.000010 0.000010 0.000010 0.111754 0.000010 0.000010 0.037672
0.000010 0.050138 0.396974 0.000205 0.067969 0.104406 0.245336 0.134963
0.271095 0.019478 0.000010 0.011166 0.059882 0.338255 0.259716 0.040398
0.712948 0.000010 0.000010 0.002550 0.116877 0.078124 0.089471 0.000010
0.644176 0.000010 0.000010 0.004925 0.083587 0.121388 0.145894 0.000010
0.969323 0.000010 0.000010 0.000010 0.030616 0.000011 0.000010 0.000010
0.013651 0.141616 0.125390 0.020837 0.002585 0.123819 0.418440 0.153661
0.770021 0.000010 0.000010 0.000010 0.041157 0.115457 0.073325 0.000010
0.000010 0.005794 0.023055 0.001001 0.018744 0.600839 0.245835 0.104721
0.623842 0.000010 0.000010 0.006153 0.122835 0.088990 0.148287 0.009874
0.000010 0.022617 0.406000 0.000010 0.000010 0.080206 0.319332 0.171815
0.020274 0.114049 0.123078 0.010766 0.026444 0.277497 0.314760 0.113133
0.183114 0.047527 0.040731 0.002046 0.012536 0.421233 0.252248 0.040565
0.000010 0.041705 0.413150 0.000010 0.000010 0.025071 0.366241 0.153804
0.000010 0.000010 0.000010 0.000010 0.000010 0.999930 0.000010 0.000010
0.000010 0.045559 0.415551 0.000010 0.000010 0.108802 0.323421 0.106637
0.842701 0.000010 0.000010 0.000010 0.020591 0.061749 0.042169 0.032760
0.000010 0.000010 0.000010 0.000010 0.000010 0.999930 0.000010 0.000010
0.013648 0.056583 0.093610 0.002802 0.020360 0.343321 0.345688 0.123987
0.005420 0.057044 0.036687 0.008081 0.032070 0.519252 0.238881 0.102565
0.055578 0.044800 0.034538 0.002871 0.026586 0.473959 0.243532 0.118136
0.999930 0.000010 0.000010 0.000010 0.000010 0.000010 0.000010 0.000010
0.000010 0.108551 0.103085 0.008822 0.017802 0.285005 0.342134 0.134591
0.013831 0.046653 0.426818 0.000010 0.000010 0.091088 0.290419 0.131172
0.000010 0.049865 0.460326 0.002931 0.000010 0.135523 0.209892 0.141444
0.000010 0.063689 0.529125 0.003146 0.000010 0.103864 0.191197 0.108959
0.017840 0.023671 0.000010 0.000010 0.018436 0.794297 0.077632 0.068103
0.000010 0.052448 0.420918 0.000010 0.000010 0.055095 0.331920 0.139589
0.000010 0.000010 0.000010 0.000010 0.999930 0.000010 0.000010 0.000010
0.439476 0.000010 0.000010 0.000010 0.506776 0.000010 0.037543 0.016166
0.000010 0.000010 0.000010 0.000010 0.999930 0.000010 0.000010 0.000010
0.000011 0.000010 0.000010 0.000010 0.000010 0.000010 0.000010 0.999929
0.000010 0.000010 0.000010 0.000010 0.999930 0.000010 0.000010 0.000010
0.000010 0.000010 0.000010 0.000010 0.000010 0.000014 0.000010 0.999926
0.000010 0.000010 0.000010 0.000010 0.000010 0.000010 0.000010 0.999930
0.925027 0.000010 0.000010 0.000010 0.074913 0.000010 0.000010 0.000010
0.999930 0.000010 0.000010 0.000010 0.000010 0.000010 0.000010 0.000010
0.000010 0.000010 0.000010 0.000010 0.999930 0.000010 0.000010 0.000010
0.999927 0.000010 0.000010 0.000010 0.000010 0.000013 0.000010 0.000010
0.000010 0.000010 0.000010 0.000010 0.999930 0.000010 0.000010 0.000010
0.048820 0.039327 0.232344 0.000010 0.034192 0.149031 0.288834 0.207442
0.015356 0.009176 0.000010 0.000010 0.000010 0.055282 0.105422 0.814733
0.985755 0.000010 0.000010 0.000010 0.000010 0.014185 0.000010 0.000010
0.000010 0.012153 0.013918 0.000010 0.000010 0.036158 0.067556 0.870184
0.000010 0.000010 0.000010 0.000010 0.000010 0.000010 0.000010 0.999930
0.020494 0.039046 0.061479 0.000010 0.110766 0.257284 0.339406 0.171515
0.000010 0.033969 0.095618 0.000010 0.082413 0.273270 0.347054 0.167656
0.000010 0.000010 0.000016 0.000010 0.000010 0.000010 0.000010 0.999924
0.039612 0.035248 0.054449 0.000662 0.068332 0.318843 0.318265 0.164590
0.000010 0.000010 0.000010 0.000010 0.999930 0.000010 0.000010 0.000010
0.000010 0.000010 0.028011 0.607955 0.261179 0.005468 0.025804 0.071563
0.000010 0.003520 0.005268 0.000010 0.001046 0.026831 0.056700 0.906614
0.000010 0.000010 0.000010 0.000010 0.999930 0.000010 0.000010 0.000010
0.000010 0.001178 0.000010 0.000010 0.000010 0.030675 0.074624 0.893484
0.000010 0.000010 0.000010 0.000010 0.999930 0.000010 0.000010 0.000010
0.000010 0.000010 0.000010 0.000010 0.000010 0.004737 0.000010 0.995203
0.000010 0.000010 0.000010 0.000010 0.000010 0.000010 0.000010 0.999930
0.000010 0.000010 0.000010 0.000010 0.000010 0.000010 0.000010 0.999930
0.000010 0.000014 0.001014 0.623637 0.312658 0.024129 0.000010 0.038527
0.000010 0.999930 0.000010 0.000010 0.000010 0.000010 0.000010 0.000010
0.000010 0.000010 0.003953 0.617844 0.313322 0.021406 0.000010 0.043445
0.998154 0.000010 0.000010 0.000010 0.001786 0.000010 0.000010 0.000010
0.000010 0.000015 0.000010 0.000017 0.000010 0.000013 0.000010 0.999915
0.000010 0.000010 0.023449 0.599474 0.264762 0.000010 0.024911 0.087374
0.000010 0.000010 0.000010 0.000010 0.000010 0.000010 0.000010 0.999930
0.000010 0.000010 0.000010 0.612549 0.279180 0.106314 0.000010 0.001917
0.969581 0.000010 0.000011 0.000010 0.030353 0.000015 0.000010 0.000010
0.000010 0.000010 0.000010 0.000010 0.000010 0.000010 0.000010 0.999930
0.000010 0.000010 0.000010 0.000010 0.000010 0.000010 0.000010 0.999930
0.000010 0.999930 0.000010 0.000010 0.000010 0.000010 0.000010 0.000010
0.000010 0.000010 0.000010 0.000010 0.000010 0.999930 0.000010 0.000010
0.036594 0.011621 0.000128 0.000010 0.003825 0.858534 0.079893 0.009395
0.000010 0.049766 0.050200 0.003043 0.033459 0.346643 0.363878 0.153000
0.003920 0.053699 0.102538 0.000010 0.034163 0.272599 0.376766 0.156306
0.012730 0.003880 0.034569 0.000893 0.000010 0.661849 0.183737 0.102332
0.098786 0.002234 0.000010 0.001988 0.026658 0.450191 0.349048 0.071085
0.085511 0.014406 0.004240 0.000010 0.007759 0.409517 0.386872 0.091684
0.000010 0.000010 0.999930 0.000010 0.000010 0.000010 0.000010 0.000010
0.000010 0.017473 0.001651 0.000010 0.000010 0.980826 0.000010 0.000010
0.000018 0.000011 0.999917 0.000010 0.000010 0.000014 0.000010 0.000010
0.404309 0.000010 0.000010 0.012151 0.139932 0.102188 0.294380 0.047021
0.060244 0.026670 0.036443 0.000206 0.026011 0.329586 0.351014 0.169826
0.000010 0.000010 0.000010 0.000010 0.000010 0.999930 0.000010 0.000010
0.012871 0.029016 0.005797 0.000986 0.037627 0.052619 0.846238 0.014845
0.000010 0.999930 0.000010 0.000010 0.000010 0.000010 0.000010 0.000010
0.000010 0.047132 0.015458 0.000010 0.000010 0.817378 0.051277 0.068724
0.000010 0.000010 0.999924 0.000010 0.000010 0.000010 0.000016 0.000010
0.014178 0.008452 0.000465 0.000010 0.030033 0.000010 0.896048 0.050804
0.096854 0.000010 0.000085 0.000010 0.055430 0.392792 0.397588 0.057231
0.048791 0.018045 0.048798 0.000010 0.095727 0.355841 0.288315 0.144474
0.000010 0.097715 0.205189 0.006078 0.000479 0.435218 0.157144 0.098167
0.000010 0.000010 0.000010 0.000010 0.000010 0.999930 0.000010 0.000010
0.660899 0.023543 0.025138 0.002370 0.121733 0.090562 0.075745 0.000010
0.058879 0.017049 0.016016 0.001018 0.063670 0.072957 0.747634 0.022776
0.000010 0.034119 0.000010 0.000010 0.000010 0.965821 0.000010 0.000010
0.053657 0.002074 0.000010 0.000010 0.007962 0.842776 0.052950 0.040561
0.048701 0.004760 0.000010 0.000010 0.191317 0.000010 0.044145 0.711047
0.000010 0.999930 0.000010 0.000010 0.000010 0.000010 0.000010 0.000010
0.000010 0.000010 0.000010 0.000010 0.000010 0.000010 0.000010 0.999930
0.000010 0.008769 0.010008 0.000010 0.000010 0.979161 0.002023 0.000010
0.000010 0.000011 0.000010 0.000010 0.000010 0.999929 0.000010 0.000010
0.000010 0.000010 0.999930 0.000010 0.000010 0.000010 0.000010 0.000010
0.001274 0.007225 0.001036 0.000010 0.007206 0.962775 0.000010 0.020464
0.110713 0.016120 0.002564 0.000010 0.120820 0.000010 0.007159 0.742604
0.000010 0.000010 0.000010 0.000010 0.000010 0.999930 0.000010 0.000010
0.000010 0.999930 0.000010 0.000010 0.000010 0.000010 0.000010 0.000010
0.000010 0.023710 0.452366 0.000010 0.053393 0.053262 0.306666 0.110583
0.000010 0.999928 0.000010 0.000010 0.000010 0.000010 0.000012 0.000010
0.013226 0.068682 0.121034 0.001357 0.030116 0.338134 0.346782 0.080669
0.000010 0.000010 0.000010 0.000010 0.000010 0.999930 0.000010 0.000010
0.072827 0.036494 0.045141 0.003775 0.000010 0.474996 0.262910 0.103848
0.079711 0.000010 0.009806 0.010779 0.095835 0.393956 0.315370 0.094533
0.000010 0.999927 0.000010 0.000010 0.000013 0.000010 0.000010 0.000010
0.000010 0.025529 0.442137 0.000010 0.000010 0.077873 0.315853 0.138577
0.000010 0.000010 0.000010 0.596995 0.268172 0.100719 0.000010 0.034074
0.000010 0.000010 0.000018 0.000010 0.000010 0.948225 0.051707 0.000010
0.049423 0.011772 0.026721 0.003253 0.015045 0.612752 0.169147 0.111887
0.000010 0.000010 0.000010 0.000010 0.000010 0.017788 0.000010 0.982152
0.126024 0.000010 0.000010 0.003458 0.116036 0.350604 0.338845 0.065013
0.000010 0.000010 0.000010 0.000010 0.000010 0.999930 0.000010 0.000010
0.000010 0.000010 0.000010 0.000010 0.000010 0.000010 0.000010 0.999930
0.000010 0.971042 0.028898 0.000010 0.000010 0.000010 0.000010 0.000010
0.000010 0.000010 0.013267 0.617084 0.298347 0.043694 0.000010 0.027578
0.000010 0.000010 0.999930 0.000010 0.000010 0.000010 0.000010 0.000010
0.000010 0.000010 0.011460 0.616053 0.302805 0.039543 0.000010 0.030110
0.000010 0.999930 0.000010 0.000010 0.000010 0.000010 0.000010 0.000010
0.000010 0.000010 0.999930 0.000010 0.000010 0.000010 0.000010 0.000010
0.019306 0.174221 0.111529 0.020627 0.028073 0.197717 0.330954 0.117575
0.000010 0.027292 0.045287 0.000010 0.000010 0.866216 0.040776 0.020398
0.649343 0.000010 0.000010 0.005956 0.217500 0.078841 0.048329 0.000010
0.140569 0.000010 0.015108 0.000275 0.000010 0.383293 0.295862 0.164873
0.000010 0.000010 0.000010 0.000010 0.000010 0.999930 0.000010 0.000010
0.000010 0.000010 0.024643 0.544113 0.206220 0.000010 0.115521 0.109472
0.000010 0.000010 0.000010 0.000010 0.000010 0.000010 0.000010 0.999930
0.058846 0.017877 0.000010 0.002820 0.051034 0.398564 0.366416 0.104433
0.000010 0.106334 0.128206 0.011470 0.096706 0.223459 0.313436 0.120378
0.094015 0.007531 0.006557 0.009863 0.049918 0.436616 0.228875 0.166626
0.000010 0.000010 0.000010 0.000010 0.000010 0.999930 0.000010 0.000010
0.100239 0.000010 0.000010 0.004992 0.031929 0.499515 0.317927 0.045378
0.000010 0.000010 0.000010 0.000010 0.000010 0.988482 0.011458 0.000010
0.922533 0.000010 0.000010 0.000083 0.020010 0.000250 0.057094 0.000010
0.000010 0.000010 0.999930 0.000010 0.000010 0.000010 0.000010 0.000010
0.089064 0.000010 0.000010 0.002590 0.019721 0.444625 0.385797 0.058184
0.098796 0.000010 0.001368 0.009225 0.064269 0.362844 0.317103 0.146384
0.000010 0.000010 0.000010 0.000010 0.000010 0.999930 0.000010 0.000010
0.107799 0.010418 0.005384 0.014300 0.013531 0.529789 0.193651 0.125129
0.056927 0.002686 0.002117 0.000085 0.044382 0.465726 0.318588 0.109488
0.268953 0.014727 0.013542 0.011793 0.041494 0.260915 0.323307 0.065269
0.108728 0.048112 0.000010 0.007435 0.021293 0.358177 0.290752 0.165494
0.050462 0.022403 0.011706 0.003220 0.025946 0.353405 0.409968 0.122890
0.000010 0.000010 0.000010 0.000010 0.000010 0.999930 0.000010 0.000010
0.000010 0.911032 0.035475 0.000010 0.000010 0.025255 0.028197 0.000010
0.000010 0.002405 0.010462 0.000010 0.000010 0.951106 0.029351 0.006646
0.024729 0.002395 0.004404 0.000231 0.016485 0.051030 0.056543 0.844182
0.021762 0.000010 0.000010 0.000010 0.025309 0.934414 0.017943 0.000541
0.000010 0.077184 0.511407 0.000010 0.000010 0.082459 0.199081 0.129839
0.000010 0.088250 0.171167 0.002910 0.000010 0.287404 0.331241 0.119008
0.105032 0.000010 0.003423 0.000645 0.019200 0.541033 0.250080 0.080577
0.000010 0.043470 0.038498 0.000010 0.000010 0.666134 0.137003 0.114864
0.071492 0.008055 0.028941 0.000466 0.066367 0.327611 0.443901 0.053167
0.022659 0.009485 0.026876 0.001582 0.000010 0.571117 0.295832 0.072439
0.000010 0.064580 0.100658 0.000378 0.000010 0.544855 0.185060 0.104450
0.083123 0.003778 0.000010 0.004322 0.087831 0.398965 0.345068 0.076904
0.000010 0.000010 0.000010 0.000010 0.000010 0.999930 0.000010 0.000010
0.000010 0.000010 0.000010 0.000010 0.000010 0.999930 0.000010 0.000010
0.158789 0.106147 0.070386 0.024574 0.025762 0.149871 0.420178 0.044293
0.015559 0.055005 0.076282 0.000010 0.001971 0.779255 0.056600 0.015318
0.000024 0.010391 0.004902 0.000010 0.000010 0.964336 0.000010 0.020317
0.040072 0.020797 0.011456 0.002372 0.027775 0.545300 0.241445 0.110783
0.540904 0.000010 0.000010 0.000010 0.065847 0.238250 0.128627 0.026343
0.000010 0.000010 0.000011 0.000010 0.000010 0.999929 0.000010 0.000010
0.040086 0.006061 0.007847 0.005315 0.038736 0.497433 0.246821 0.157700
0.075206 0.000010 0.004993 0.003979 0.015811 0.523321 0.224663 0.152017
0.057169 0.042487 0.001363 0.000010 0.000010 0.750133 0.072501 0.076327
0.041775 0.080614 0.110864 0.002696 0.033168 0.232562 0.390881 0.107442
0.000010 0.999930 0.000010 0.000010 0.000010 0.000010 0.000010 0.000010
0.000012 0.000010 0.000010 0.000010 0.000010 0.985645 0.014292 0.000010
0.000010 0.000010 0.000010 0.000010 0.000010 0.999930 0.000010 0.000010
0.000010 0.000010 0.991441 0.000010 0.000010 0.000010 0.000010 0.008499
0.000010 0.052646 0.409930 0.000010 0.000010 0.097064 0.277323 0.163008
0.011256 0.006147 0.007811 0.002778 0.059298 0.008657 0.875479 0.028574
0.836310 0.000010 0.000010 0.000010 0.103064 0.044654 0.000010 0.015932
0.068001 0.102763 0.085094 0.006345 0.026816 0.295670 0.286659 0.128652
0.000010 0.262957 0.168209 0.000010 0.000010 0.109474 0.357041 0.102290
0.644428 0.009984 0.000010 0.003851 0.148487 0.063823 0.117477 0.011941
0.000010 0.999930 0.000010 0.000010 0.000010 0.000010 0.000010 0.000010
0.684121 0.000010 0.000010 0.018123 0.085754 0.159827 0.045451 0.006704
0.067971 0.006793 0.031087 0.006740 0.000010 0.625001 0.164770 0.097628
0.000010 0.097544 0.091455 0.001081 0.000145 0.518251 0.185113 0.106401
0.000010 0.999930 0.000010 0.000010 0.000010 0.000010 0.000010 0.000010
0.000010 0.034375 0.021286 0.000010 0.031082 0.191154 0.673687 0.048397
0.000010 0.999930 0.000010 0.000010 0.000010 0.000010 0.000010 0.000010
0.016039 0.138384 0.116621 0.007840 0.014430 0.197149 0.329276 0.180260
0.702992 0.000010 0.002828 0.006681 0.135298 0.072394 0.071240 0.008556
0.000010 0.000010 0.000010 0.000010 0.000010 0.999930 0.000010 0.000010
0.000010 0.000010 0.000010 0.000010 0.000010 0.000010 0.000010 0.999930
0.000010 0.000010 0.023116 0.597397 0.267073 0.000010 0.029962 0.082422
0.856913 0.000010 0.000010 0.000010 0.022209 0.049817 0.037716 0.033315
0.000010 0.000010 0.000010 0.000010 0.000010 0.000010 0.000010 0.999930
0.000010 0.000010 0.000010 0.000010 0.999930 0.000010 0.000010 0.000010
0.000010 0.000010 0.000010 0.000010 0.000010 0.000010 0.000010 0.999930
0.000010 0.000010 0.000010 0.000010 0.999930 0.000010 0.000010 0.000010
0.620584 0.000010 0.000010 0.001887 0.086014 0.116816 0.121916 0.052764
0.999930 0.000010 0.000010 0.000010 0.000010 0.000010 0.000010 0.000010
0.638301 0.005009 0.032212 0.013041 0.101418 0.096697 0.103347 0.009975
0.851785 0.000442 0.000010 0.000010 0.023495 0.049110 0.037016 0.038133
0.038959 0.000010 0.000010 0.000010 0.916173 0.044818 0.000010 0.000010
0.000010 0.000010 0.002878 0.629985 0.316297 0.013441 0.000010 0.037369
0.000010 0.000010 0.000010 0.000010 0.999930 0.000010 0.000010 0.000010
0.787672 0.000010 0.000010 0.000010 0.096194 0.054289 0.061805 0.000010
0.265332 0.011173 0.009006 0.000010 0.031488 0.559949 0.003440 0.119601
0.779401 0.000010 0.000010 0.000010 0.075373 0.094489 0.050697 0.000010
0.160530 0.000010 0.015838 0.000010 0.052197 0.630733 0.032834 0.107849
0.781756 0.000010 0.000010 0.000010 0.098428 0.057646 0.062130 0.000010
0.193820 0.030138 0.051204 0.000010 0.002296 0.614891 0.016844 0.090798
0.000010 0.000010 0.000010 0.000010 0.000010 0.000010 0.000010 0.999930
0.000010 0.217398 0.189871 0.000010 0.000010 0.117802 0.356211 0.118688
0.958292 0.000010 0.000010 0.000010 0.041648 0.000010 0.000010 0.000010
0.000010 0.216293 0.192859 0.000010 0.000010 0.120974 0.357424 0.112420
0.946923 0.000010 0.000010 0.000010 0.053017 0.000010 0.000010 0.000010
0.989080 0.004683 0.000010 0.000010 0.000010 0.006187 0.000010 0.000010
0.000010 0.000010 0.000010 0.000010 0.000010 0.000010 0.000010 0.999930
0.000010 0.000010 0.006601 0.608890 0.280373 0.002786 0.018847 0.082484
0.000010 0.000010 0.000010 0.000010 0.006406 0.006006 0.000010 0.987538
0.000010 0.000010 0.000010 0.000010 0.000010 0.000010 0.000010 0.999930
0.000010 0.000010 0.000010 0.000010 0.000010 0.000010 0.000010 0.999930
0.000019 0.000010 0.000010 0.000010 0.000010 0.483815 0.000010 0.516116
0.999930 0.000010 0.000010 0.000010 0.000010 0.000010 0.000010 0.000010
0.985901 0.000016 0.000010 0.000012 0.005377 0.008664 0.000010 0.000010
0.000010 0.000016 0.000010 0.000010 0.000010 0.000019 0.000010 0.999915
0.981964 0.000010 0.000010 0.000010 0.001949 0.016038 0.000010 0.000010
0.000010 0.000010 0.000010 0.000010 0.000010 0.000010 0.000010 0.999930
0.000010 0.104969 0.085798 0.004341 0.007287 0.147235 0.469430 0.180928
0.057141 0.014223 0.017149 0.000010 0.072704 0.000010 0.838753 0.000010
0.077286 0.000010 0.000010 0.000010 0.083438 0.000010 0.812457 0.026779
0.000010 0.048009 0.031217 0.000953 0.028884 0.031827 0.713493 0.145606
0.061077 0.004913 0.005719 0.000010 0.013739 0.084778 0.733616 0.096147
0.095275 0.000010 0.000010 0.000010 0.069607 0.000010 0.835067 0.000010
0.000010 0.000010 0.000010 0.000010 0.041213 0.000010 0.958727 0.000010
0.191073 0.006552 0.004098 0.002723 0.049416 0.297221 0.382193 0.066724
0.000010 0.000010 0.000010 0.000010 0.084054 0.000010 0.915886 0.000010
0.025112 0.000010 0.000010 0.000010 0.027615 0.000010 0.947223 0.000010
0.125957 0.024636 0.023421 0.000010 0.002717 0.087426 0.656112 0.079719
0.017160 0.015979 0.031762 0.000010 0.029579 0.000010 0.905490 0.000010
0.999930 0.000010 0.000010 0.000010 0.000010 0.000010 0.000010 0.000010
0.005210 0.008453 0.016143 0.000010 0.000010 0.012046 0.944497 0.013631
0.008671 0.000010 0.000010 0.000010 0.000010 0.000010 0.000010 0.991269
0.071971 0.000010 0.007211 0.000010 0.034515 0.000010 0.841905 0.044367
0.000010 0.000010 0.000010 0.000010 0.000010 0.000010 0.018448 0.981492
0.015261 0.000010 0.000010 0.000010 0.045209 0.000010 0.009565 0.929925
0.155821 0.019614 0.047196 0.001605 0.011688 0.241515 0.412994 0.109566
0.181638 0.029134 0.018231 0.003549 0.027695 0.263318 0.389983 0.086452
0.064884 0.000010 0.000010 0.000010 0.037488 0.000010 0.897578 0.000010
0.208870 0.014888 0.003225 0.004433 0.059375 0.226461 0.344015 0.138732
0.021652 0.000010 0.000010 0.000010 0.021547 0.000808 0.955953 0.000010
0.052524 0.000010 0.000010 0.000010 0.055087 0.001890 0.887780 0.002689
0.127651 0.006754 0.008546 0.000010 0.029615 0.032422 0.764795 0.030206
0.000010 0.020064 0.023384 0.000010 0.023909 0.000010 0.924302 0.008311
0.026541 0.026663 0.024825 0.000010 0.028270 0.111766 0.725213 0.056711
0.069009 0.030445 0.037924 0.000010 0.034599 0.044159 0.716956 0.066898
0.006961 0.000010 0.001306 0.000010 0.000010 0.077048 0.894928 0.019727
0.999930 0.000010 0.000010 0.000010 0.000010 0.000010 0.000010 0.000010
0.008413 0.043734 0.079592 0.006333 0.039304 0.212014 0.449943 0.160667
0.000010 0.000010 0.000010 0.000010 0.000010 0.000010 0.000010 0.999930
0.001213 0.137765 0.069251 0.004886 0.026836 0.128933 0.399005 0.232112
0.000010 0.999927 0.000010 0.000010 0.000013 0.000010 0.000010 0.000010
0.000010 0.003883 0.000010 0.000010 0.000010 0.047283 0.943467 0.005327
0.000010 0.999924 0.000016 0.000010 0.000010 0.000010 0.000010 0.000010
0.999930 0.000010 0.000010 0.000010 0.000010 0.000010 0.000010 0.000010
0.999928 0.000010 0.000012 0.000010 0.000010 0.000010 0.000010 0.000010
0.999930 0.000010 0.000010 0.000010 0.000010 0.000010 0.000010 0.000010
0.000010 0.000010 0.000010 0.000010 0.000010 0.000010 0.000010 0.999930
0.000010 0.000010 0.000010 0.000010 0.000010 0.000010 0.000010 0.999930
0.999929 0.000010 0.000010 0.000010 0.000011 0.000010 0.000010 0.000010
0.999930 0.000010 0.000010 0.000010 0.000010 0.000010 0.000010 0.000010
0.999930 0.000010 0.000010 0.000010 0.000010 0.000010 0.000010 0.000010
0.000010 0.000010 0.000010 0.000010 0.000010 0.000010 0.000010 0.999930
0.000010 0.999930 0.000010 0.000010 0.000010 0.000010 0.000010 0.000010
0.000010 0.000010 0.000010 0.000010 0.000010 0.000010 0.000010 0.999930
0.000020 0.000010 0.000010 0.000010 0.000010 0.000010 0.000010 0.999920
0.000010 0.999930 0.000010 0.000010 0.000010 0.000010 0.000010 0.000010
0.000010 0.000010 0.000010 0.999930 0.000010 0.000010 0.000010 0.000010
0.000010 0.000010 0.000010 0.000010 0.000010 0.000015 0.000010 0.999925
0.000010 0.000010 0.000010 0.999930 0.000010 0.000010 0.000010 0.000010
0.000010 0.000010 0.000019 0.000010 0.000010 0.000010 0.000010 0.999921
0.000010 0.999930 0.000010 0.000010 0.000010 0.000010 0.000010 0.000010
0.000010 0.999930 0.000010 0.000010 0.000010 0.000010 0.000010 0.000010
0.999922 0.000010 0.000018 0.000010 0.000010 0.000010 0.000010 0.000010
0.000010 0.000010 0.000010 0.000010 0.999930 0.000010 0.000010 0.000010
0.999930 0.000010 0.000010 0.000010 0.000010 0.000010 0.000010 0.000010
0.000010 0.000010 0.000010 0.000010 0.999930 0.000010 0.000010 0.000010
0.000010 0.000010 0.000010 0.000010 0.999930 0.000010 0.000010 0.000010
0.000010 0.000010 0.015137 0.585381 0.248608 0.021837 0.056683 0.072334
0.015984 0.023509 0.000010 0.000010 0.000010 0.058314 0.846858 0.055306
0.000010 0.022875 0.001031 0.000010 0.013618 0.043042 0.844676 0.074738
0.000010 0.000352 0.003161 0.000010 0.000010 0.020954 0.041966 0.933538
0.000010 0.999930 0.000010 0.000010 0.000010 0.000010 0.000010 0.000010
0.039952 0.000294 0.000010 0.000010 0.000010 0.024048 0.917474 0.018203
0.000010 0.999921 0.000010 0.000010 0.000019 0.000010 0.000010 0.000010
0.109718 0.000010 0.000010 0.000627 0.047904 0.073650 0.755727 0.012355
0.106750 0.008195 0.000010 0.000010 0.017745 0.082297 0.702055 0.082938
0.000010 0.000010 0.000010 0.000010 0.000010 0.000010 0.011750 0.988190
0.000010 0.000010 0.000010 0.000017 0.000010 0.000010 0.000010 0.999923
0.000010 0.000010 0.000010 0.000010 0.000010 0.000010 0.000010 0.999930
0.000010 0.000010 0.000010 0.000010 0.000010 0.000010 0.000010 0.999930
0.000010 0.000010 0.000010 0.000010 0.000010 0.000010 0.000010 0.999930
0.004635 0.143766 0.209695 0.000795 0.000710 0.213350 0.325299 0.101749
0.000010 0.001279 0.001420 0.000010 0.007985 0.053091 0.872251 0.063952
0.000010 0.035862 0.017429 0.000010 0.005167 0.085932 0.792647 0.062942
0.000010 0.999930 0.000010 0.000010 0.000010 0.000010 0.000010 0.000010
0.000010 0.079737 0.027037 0.000010 0.000010 0.114748 0.710558 0.067891
0.756381 0.026751 0.000010 0.000010 0.063585 0.076551 0.031994 0.044719
0.748434 0.000010 0.000010 0.000010 0.072666 0.122463 0.009680 0.046727
0.000010 0.000010 0.000010 0.000010 0.999930 0.000010 0.000010 0.000010
0.000010 0.999924 0.000010 0.000010 0.000010 0.000016 0.000010 0.000010
0.000015 0.999925 0.000010 0.000010 0.000010 0.000010 0.000010 0.000010
0.819621 0.000010 0.000010 0.000010 0.124523 0.031770 0.017187 0.006869
0.000010 0.000010 0.000010 0.603037 0.282051 0.110931 0.000010 0.003941
0.788077 0.000010 0.000010 0.000010 0.122414 0.047376 0.030657 0.011446
0.000010 0.999930 0.000010 0.000010 0.000010 0.000010 0.000010 0.000010
0.060837 0.000010 0.000010 0.000010 0.015422 0.012588 0.888089 0.023034
0.147655 0.000010 0.000010 0.000010 0.049873 0.005548 0.796884 0.000010
0.020808 0.141883 0.178291 0.002855 0.000010 0.270369 0.286820 0.098964
0.055253 0.002945 0.001712 0.000010 0.000010 0.148763 0.669421 0.121888
0.011524 0.058835 0.000010 0.000010 0.000010 0.155410 0.718020 0.056182
0.000010 0.999929 0.000010 0.000010 0.000011 0.000010 0.000010 0.000010
0.000010 0.000010 0.001719 0.000010 0.000010 0.000010 0.017197 0.981034
0.999929 0.000010 0.000010 0.000010 0.000010 0.000011 0.000010 0.000010
0.000010 0.000010 0.000010 0.000010 0.000010 0.039216 0.025920 0.934814
0.000010 0.006806 0.020080 0.000010 0.000010 0.023128 0.086979 0.862977
0.999928 0.000010 0.000010 0.000010 0.000010 0.000012 0.000010 0.000010
0.066943 0.124369 0.140260 0.005621 0.059178 0.189475 0.331514 0.082641
0.859025 0.000010 0.000010 0.000010 0.091369 0.024593 0.024973 0.000010
0.000010 0.106094 0.259921 0.218611 0.000010 0.085866 0.269252 0.060236
0.000010 0.000010 0.000010 0.999930 0.000010 0.000010 0.000010 0.000010
0.144425 0.027489 0.026146 0.006422 0.000294 0.308970 0.464531 0.021723
0.000010 0.000010 0.020746 0.000010 0.009349 0.000010 0.969856 0.000010
0.007318 0.145961 0.152105 0.003197 0.010629 0.233032 0.307962 0.139796
0.025530 0.009423 0.000010 0.004702 0.051475 0.024644 0.801874 0.082343
0.601499 0.002265 0.005201 0.007290 0.124883 0.000923 0.197096 0.060842
0.502780 0.005351 0.028488 0.001832 0.137105 0.013741 0.293422 0.017282
0.000010 0.000010 0.043381 0.554857 0.189807 0.000010 0.165805 0.046121
