0.999970 0.000010 0.000010 0.000010
0.423731 0.145989 0.392665 0.037615
0.493243 0.266287 0.224470 0.016000
0.282436 0.000010 0.392630 0.324923
0.000010 0.100194 0.857118 0.042678
0.234864 0.560798 0.196427 0.007911
0.380747 0.477234 0.142008 0.000010
0.288574 0.169521 0.480189 0.061716
0.274063 0.170678 0.504363 0.050896
0.364383 0.118460 0.452259 0.064897
0.401130 0.224464 0.354408 0.019998
0.389474 0.207556 0.343235 0.059735
0.299252 0.507805 0.192932 0.000010
0.442995 0.234938 0.306715 0.015352
0.632159 0.257212 0.104293 0.006336
0.653886 0.138085 0.205110 0.002919
0.344746 0.198936 0.445555 0.010763
0.188847 0.133861 0.672977 0.004315
0.322104 0.518017 0.159869 0.000010
0.286640 0.229217 0.432450 0.051693
0.616780 0.157931 0.218942 0.006347
0.460411 0.201879 0.313406 0.024304
0.070321 0.929659 0.000010 0.000010
0.000014 0.999966 0.000010 0.000010
0.629641 0.183344 0.187005 0.000010
0.999970 0.000010 0.000010 0.000010
0.135840 0.836103 0.028047 0.000010
0.000010 0.999970 0.000010 0.000010
0.090932 0.860057 0.049001 0.000010
0.096131 0.761098 0.142761 0.000010
0.756484 0.133277 0.110228 0.000010
0.651602 0.115905 0.232483 0.000010
0.000013 0.977231 0.022746 0.000010
0.630306 0.105480 0.264204 0.000010
0.504050 0.139289 0.137163 0.219498
0.173547 0.824592 0.001851 0.000010
0.999970 0.000010 0.000010 0.000010
0.059654 0.911758 0.028577 0.000010
0.633920 0.183397 0.182674 0.000010
0.000010 0.962838 0.037142 0.000010
0.417305 0.167290 0.402308 0.013096
0.999970 0.000010 0.000010 0.000010
0.000010 0.167442 0.214849 0.617699
0.999970 0.000010 0.000010 0.000010
0.999970 0.000010 0.000010 0.000010
0.683186 0.152008 0.164759 0.000047
0.999970 0.000010 0.000010 0.000010
0.999970 0.000010 0.000010 0.000010
0.496885 0.141593 0.139081 0.222441
0.000010 0.999970 0.000010 0.000010
0.160441 0.765675 0.073873 0.000010
0.000010 0.000011 0.000010 0.999969
0.999970 0.000010 0.000010 0.000010
0.197863 0.802117 0.000010 0.000010
0.999970 0.000010 0.000010 0.000010
0.000010 0.000011 0.000010 0.999969
0.057225 0.918264 0.024501 0.000010
0.000010 0.000012 0.000010 0.999968
0.684773 0.125755 0.189461 0.000010
0.630630 0.359615 0.009746 0.000010
0.999970 0.000010 0.000010 0.000010
0.000010 0.000010 0.000010 0.999970
0.000010 0.000011 0.000010 0.999969
0.999970 0.000010 0.000010 0.000010
0.999970 0.000010 0.000010 0.000010
0.999970 0.000010 0.000010 0.000010
0.000010 0.000011 0.000010 0.999969
0.000010 0.000011 0.000010 0.999969
0.941079 0.058901 0.000010 0.000010
0.999970 0.000010 0.000010 0.000010
0.000010 0.000011 0.000010 0.999969
0.999970 0.000010 0.000010 0.000010
0.999970 0.000010 0.000010 0.000010
0.000010 0.000011 0.000010 0.999969
0.000010 0.203051 0.201924 0.595015
0.000010 0.210027 0.000010 0.789953
0.000010 0.000010 0.000010 0.999970
0.000010 0.000019 0.000010 0.999961
0.999970 0.000010 0.000010 0.000010
0.651359 0.146236 0.202395 0.000010
0.897297 0.102683 0.000010 0.000010
0.191832 0.555679 0.252479 0.000010
0.940617 0.059363 0.000010 0.000010
0.000010 0.000010 0.000010 0.999970
0.104565 0.825542 0.069883 0.000010
0.027214 0.684352 0.280182 0.008252
0.000010 0.014277 0.985703 0.000010
0.091872 0.908108 0.000010 0.000010
0.999970 0.000010 0.000010 0.000010
0.167052 0.832928 0.000010 0.000010
0.000010 0.201593 0.215047 0.583349
0.961740 0.038240 0.000010 0.000010
0.001380 0.930120 0.068491 0.000010
0.337569 0.175509 0.476837 0.010085
0.000010 0.199892 0.193931 0.606168
0.000010 0.159550 0.276600 0.563841
0.000010 0.000010 0.000010 0.999970
0.000010 0.192540 0.189864 0.617587
0.069088 0.930892 0.000010 0.000010
0.036929 0.149202 0.181513 0.632355
0.095266 0.765855 0.137150 0.001728
0.000010 0.999970 0.000010 0.000010
0.187606 0.812374 0.000010 0.000010
0.095552 0.739140 0.158600 0.006708
0.000010 0.229115 0.196793 0.574082
0.049669 0.818933 0.131388 0.000010
0.999970 0.000010 0.000010 0.000010
0.218591 0.329329 0.445060 0.007020
0.370994 0.131448 0.490146 0.007411
0.416188 0.404638 0.179165 0.000010
0.000010 0.972554 0.027426 0.000010
0.157451 0.815893 0.026646 0.000010
0.999970 0.000010 0.000010 0.000010
0.999970 0.000010 0.000010 0.000010
0.154947 0.842646 0.002397 0.000010
0.335441 0.002326 0.660612 0.001621
0.999970 0.000010 0.000010 0.000010
0.628457 0.347033 0.024500 0.000010
0.134512 0.820535 0.044943 0.000010
0.095803 0.468203 0.430272 0.005722
0.196008 0.721161 0.082821 0.000010
0.268654 0.603175 0.122075 0.006095
0.050112 0.949868 0.000010 0.000010
0.038054 0.033341 0.928595 0.000010
0.000010 0.189056 0.205385 0.605549
0.130111 0.794580 0.075299 0.000010
0.125190 0.860897 0.013903 0.000010
0.276111 0.601747 0.122132 0.000010
0.394457 0.000010 0.605523 0.000010
0.999970 0.000010 0.000010 0.000010
0.188459 0.448492 0.357342 0.005706
0.051266 0.948714 0.000010 0.000010
0.140305 0.859675 0.000010 0.000010
0.509009 0.215915 0.270260 0.004816
0.000010 0.989098 0.010882 0.000010
0.070618 0.818899 0.110473 0.000010
0.324956 0.268127 0.396197 0.010720
0.999970 0.000010 0.000010 0.000010
0.000010 0.023707 0.976273 0.000010
0.000010 0.072043 0.927937 0.000010
0.241846 0.484616 0.263418 0.010120
0.003791 0.950420 0.045779 0.000010
0.000010 0.999970 0.000010 0.000010
0.108378 0.860867 0.030744 0.000010
0.000010 0.000010 0.000010 0.999970
0.146169 0.646727 0.207095 0.000010
0.137916 0.669685 0.192389 0.000010
0.000010 0.999970 0.000010 0.000010
0.999970 0.000010 0.000010 0.000010
0.339460 0.283314 0.371273 0.005952
0.303780 0.381827 0.312733 0.001659
0.685724 0.135305 0.178798 0.000173
0.000010 0.000010 0.000010 0.999970
0.106719 0.681428 0.209556 0.002297
0.000010 0.000010 0.000010 0.999970
0.731121 0.109219 0.159650 0.000010
0.120091 0.075653 0.233266 0.570990
0.000010 0.082481 0.917499 0.000010
0.999970 0.000010 0.000010 0.000010
0.051789 0.455300 0.490023 0.002888
0.135567 0.101307 0.207152 0.555975
0.660415 0.109390 0.230185 0.000010
0.000010 0.999970 0.000010 0.000010
0.000010 0.999970 0.000010 0.000010
0.000010 0.000010 0.999970 0.000010
0.130931 0.608364 0.256837 0.003868
0.171491 0.358434 0.463849 0.006225
0.000010 0.999967 0.000013 0.000010
0.606112 0.195598 0.190947 0.007343
0.000010 0.992588 0.007392 0.000010
0.385282 0.035715 0.574167 0.004836
0.182205 0.485630 0.329951 0.002214
0.683954 0.132581 0.183455 0.000010
0.606943 0.133821 0.259227 0.000010
0.352321 0.318228 0.318077 0.011373
0.363149 0.082334 0.554507 0.000010
0.090336 0.844053 0.065601 0.000010
0.566007 0.177495 0.253074 0.003423
0.267515 0.294799 0.430730 0.006956
0.617984 0.111676 0.270330 0.000010
0.000010 0.999970 0.000010 0.000010
0.999970 0.000010 0.000010 0.000010
0.677128 0.082316 0.240546 0.000010
0.492458 0.139572 0.141191 0.226779
0.202295 0.408868 0.379041 0.009796
0.588136 0.197361 0.214493 0.000010
0.127661 0.651421 0.220326 0.000592
0.060979 0.513368 0.417001 0.008653
0.000011 0.956142 0.043838 0.000010
0.019568 0.840028 0.140394 0.000010
0.021797 0.904599 0.073594 0.000010
0.000010 0.085993 0.912159 0.001838
0.020930 0.955910 0.023149 0.000010
0.999970 0.000010 0.000010 0.000010
0.000010 0.058972 0.941008 0.000010
0.002898 0.180744 0.813134 0.003225
0.293104 0.105419 0.589212 0.012266
0.614718 0.134852 0.244808 0.005622
0.130708 0.102308 0.194393 0.572592
0.005527 0.165888 0.815896 0.012689
0.000782 0.856473 0.142734 0.000010
0.002258 0.110246 0.887486 0.000010
0.240256 0.373329 0.376576 0.009839
0.263669 0.110134 0.611328 0.014869
0.101360 0.480999 0.410508 0.007134
0.161649 0.604774 0.227696 0.005881
0.008882 0.000010 0.991098 0.000010
0.070502 0.911568 0.017920 0.000010
0.397653 0.256128 0.343900 0.002319
0.999970 0.000010 0.000010 0.000010
0.999970 0.000010 0.000010 0.000010
0.008758 0.028994 0.962237 0.000010
0.457076 0.177390 0.335882 0.029651
0.016142 0.005669 0.978179 0.000010
0.606667 0.140784 0.250552 0.001998
0.077915 0.383976 0.523450 0.014659
0.014222 0.120344 0.863111 0.002323
0.011827 0.174492 0.807141 0.006541
0.000010 0.045542 0.954438 0.000010
0.461823 0.185509 0.325156 0.027513
0.000010 0.178964 0.819686 0.001340
0.140391 0.645482 0.210598 0.003530
0.024765 0.135983 0.833159 0.006093
0.648149 0.156498 0.195343 0.000010
0.385682 0.320400 0.278406 0.015512
0.188030 0.461292 0.345579 0.005099
0.683336 0.098504 0.218149 0.000010
0.000010 0.999970 0.000010 0.000010
0.624948 0.153833 0.219496 0.001722
0.009976 0.115097 0.874917 0.000010
0.000010 0.999970 0.000010 0.000010
0.317720 0.385183 0.290062 0.007035
0.214457 0.551883 0.221934 0.011726
0.197966 0.510520 0.285953 0.005561
0.000010 0.026712 0.973268 0.000010
0.375940 0.330028 0.280611 0.013421
0.628093 0.135740 0.233631 0.002535
0.644520 0.173217 0.178274 0.003989
0.718314 0.143624 0.133225 0.004837
0.065117 0.815738 0.119120 0.000025
0.673840 0.119450 0.206700 0.000010
0.000010 0.000010 0.999970 0.000010
0.000456 0.003098 0.996436 0.000010
0.000010 0.000010 0.999970 0.000010
0.312511 0.020375 0.667104 0.000010
0.000010 0.000010 0.999970 0.000010
0.364115 0.000010 0.635865 0.000010
0.331028 0.016076 0.652887 0.000010
0.000010 0.000010 0.999970 0.000010
0.000010 0.072724 0.927256 0.000010
0.000010 0.000010 0.999970 0.000010
0.000010 0.061827 0.938153 0.000010
0.000010 0.000010 0.999970 0.000010
0.450049 0.195865 0.353022 0.001064
0.324192 0.096115 0.579683 0.000010
0.000010 0.068401 0.931579 0.000010
0.385575 0.084773 0.526901 0.002751
0.379881 0.000010 0.620099 0.000010
0.291496 0.297501 0.408515 0.002489
0.330042 0.325413 0.343545 0.001000
0.389840 0.000011 0.610139 0.000010
0.258193 0.357198 0.381202 0.003407
0.000010 0.000010 0.999970 0.000010
0.079317 0.082229 0.231510 0.606944
0.365975 0.064266 0.569084 0.000675
0.000010 0.000010 0.999970 0.000010
0.337699 0.074518 0.586988 0.000795
0.000010 0.000010 0.999970 0.000010
0.357279 0.057772 0.584940 0.000010
0.372705 0.021339 0.605946 0.000010
0.371587 0.033512 0.594891 0.000010
0.032058 0.141384 0.202189 0.624369
0.999970 0.000010 0.000010 0.000010
0.040385 0.136721 0.205020 0.617875
0.000010 0.000010 0.999970 0.000010
0.385099 0.000010 0.614881 0.000010
0.079710 0.068375 0.253470 0.598445
0.379707 0.000010 0.620273 0.000010
0.000010 0.207652 0.178685 0.613653
0.000010 0.044088 0.955892 0.000010
0.418395 0.023988 0.557607 0.000010
0.308533 0.061044 0.630413 0.000010
0.999970 0.000010 0.000010 0.000010
0.000010 0.999970 0.000010 0.000010
0.030412 0.876936 0.092642 0.000010
0.284008 0.394063 0.314429 0.007500
0.367773 0.325746 0.303525 0.002956
0.123937 0.694530 0.177566 0.003967
0.109321 0.496566 0.387600 0.006514
0.163409 0.455265 0.377921 0.003406
0.999970 0.000010 0.000010 0.000010
0.014446 0.985534 0.000010 0.000010
0.999970 0.000010 0.000010 0.000010
0.061528 0.156582 0.766835 0.015055
0.238529 0.371456 0.385690 0.004325
0.000010 0.999970 0.000010 0.000010
0.297023 0.110114 0.577229 0.015633
0.999970 0.000010 0.000010 0.000010
0.122886 0.851604 0.025499 0.000010
0.999970 0.000010 0.000010 0.000010
0.304871 0.073363 0.615978 0.005788
0.124662 0.444729 0.428018 0.002591
0.222172 0.389433 0.388385 0.000010
0.413653 0.477351 0.098321 0.010676
0.000010 0.999970 0.000010 0.000010
0.065496 0.131344 0.801433 0.001727
0.269339 0.131594 0.587740 0.011327
0.026241 0.973739 0.000010 0.000010
0.025807 0.860390 0.113793 0.000010
0.278641 0.028750 0.692599 0.000010
0.999970 0.000010 0.000010 0.000010
0.326077 0.042539 0.628965 0.002418
0.016852 0.983128 0.000010 0.000010
0.000010 0.999968 0.000012 0.000010
0.999970 0.000010 0.000010 0.000010
0.021139 0.973544 0.005308 0.000010
0.306924 0.011959 0.681107 0.000010
0.000010 0.999970 0.000010 0.000010
0.999968 0.000012 0.000010 0.000010
0.666754 0.104209 0.229027 0.000010
0.999966 0.000014 0.000010 0.000010
0.359169 0.389270 0.246539 0.005022
0.000010 0.999970 0.000010 0.000010
0.203994 0.513742 0.275649 0.006614
0.126168 0.435894 0.425504 0.012434
0.999970 0.000010 0.000010 0.000010
0.682508 0.158979 0.158503 0.000010
0.000010 0.198541 0.201894 0.599555
0.012399 0.972343 0.015248 0.000010
0.127400 0.638485 0.228999 0.005115
0.333467 0.076984 0.585666 0.003882
0.105265 0.399581 0.488800 0.006353
0.000010 0.999970 0.000010 0.000010
0.355930 0.040848 0.598995 0.004227
0.999970 0.000010 0.000010 0.000010
0.046305 0.157405 0.179254 0.617037
0.999970 0.000010 0.000010 0.000010
0.045482 0.152162 0.186813 0.615542
0.999970 0.000010 0.000010 0.000010
0.999970 0.000010 0.000010 0.000010
0.439977 0.246859 0.287371 0.025792
0.101854 0.887186 0.010950 0.000010
0.000010 0.110115 0.886065 0.003810
0.161711 0.433064 0.402698 0.002527
0.000010 0.999970 0.000010 0.000010
0.131844 0.057595 0.258681 0.551879
0.360821 0.016428 0.622741 0.000010
0.152524 0.441319 0.398108 0.008050
0.390197 0.263732 0.332030 0.014041
0.131614 0.470713 0.385789 0.011884
0.000010 0.999970 0.000010 0.000010
0.078341 0.546965 0.364699 0.009996
0.000010 0.999970 0.000010 0.000010
0.017289 0.049218 0.928024 0.005469
0.999970 0.000010 0.000010 0.000010
0.114223 0.492833 0.385624 0.007320
0.111624 0.411004 0.465406 0.011965
0.000010 0.999970 0.000010 0.000010
0.103727 0.564778 0.314523 0.016972
0.116959 0.508300 0.371387 0.003354
0.153035 0.306061 0.525983 0.014921
0.198716 0.402347 0.387741 0.011195
0.198613 0.405116 0.387455 0.008816
0.000010 0.999970 0.000010 0.000010
0.940976 0.038406 0.011236 0.009381
0.024799 0.965444 0.009747 0.000010
0.300971 0.085580 0.610911 0.002538
0.000010 0.942268 0.057712 0.000010
0.721599 0.115698 0.162693 0.000010
0.436501 0.352716 0.204316 0.006466
0.088022 0.578018 0.330476 0.003484
0.181979 0.704852 0.111937 0.001232
0.189545 0.379145 0.427199 0.004111
0.151254 0.614220 0.229651 0.004876
0.290679 0.596104 0.109370 0.003848
0.123064 0.444052 0.424533 0.008351
0.000012 0.999963 0.000015 0.000010
0.000010 0.999970 0.000010 0.000010
0.324612 0.198370 0.446262 0.030755
0.153537 0.794629 0.051824 0.000010
0.022281 0.977699 0.000010 0.000010
0.143205 0.577435 0.274006 0.005354
0.022753 0.281765 0.694383 0.001099
0.000011 0.999969 0.000010 0.000010
0.134622 0.531103 0.324982 0.009293
0.099977 0.561625 0.331478 0.006920
0.092336 0.773626 0.133842 0.000196
0.362979 0.280884 0.350435 0.005703
0.999970 0.000010 0.000010 0.000010
0.000010 0.999970 0.000010 0.000010
0.000010 0.999970 0.000010 0.000010
0.981343 0.018634 0.000013 0.000010
0.661455 0.160621 0.177914 0.000010
0.301388 0.082147 0.604702 0.011763
0.000010 0.082603 0.917377 0.000010
0.342843 0.345171 0.302246 0.009741
0.603417 0.164879 0.231192 0.000511
0.036663 0.102383 0.857562 0.003391
0.999970 0.000010 0.000010 0.000010
0.000010 0.201855 0.782911 0.015224
0.114659 0.656115 0.221270 0.007956
0.311223 0.566530 0.118036 0.004211
0.999970 0.000010 0.000010 0.000010
0.289571 0.255931 0.445542 0.008956
0.999970 0.000010 0.000010 0.000010
0.442245 0.247929 0.297054 0.012772
0.026699 0.103563 0.865535 0.004202
0.000010 0.999970 0.000010 0.000010
0.306278 0.048136 0.645576 0.000010
0.079640 0.065877 0.258364 0.596119
0.007101 0.102531 0.890357 0.000010
0.341982 0.008900 0.649108 0.000010
0.000010 0.000010 0.999970 0.000010
0.372211 0.005500 0.622278 0.000010
0.000010 0.000010 0.999970 0.000010
0.027642 0.168027 0.802051 0.002280
0.000010 0.000010 0.999970 0.000010
0.063988 0.134097 0.790567 0.011349
0.008732 0.101271 0.889987 0.000010
0.000015 0.000010 0.999965 0.000010
0.037585 0.131253 0.202013 0.629148
0.000010 0.000010 0.999970 0.000010
0.003330 0.098720 0.897940 0.000010
0.064270 0.579336 0.356385 0.000010
0.000010 0.141485 0.858495 0.000010
0.058301 0.652689 0.289000 0.000010
0.003787 0.102739 0.893464 0.000010
0.117727 0.634869 0.247395 0.000010
0.352245 0.052083 0.595662 0.000010
0.585620 0.173549 0.240821 0.000010
0.000011 0.000010 0.999969 0.000010
0.586388 0.177431 0.236171 0.000010
0.000012 0.000010 0.999968 0.000010
0.003009 0.067960 0.929021 0.000010
0.391658 0.000010 0.608322 0.000010
0.056401 0.082436 0.253783 0.607381
0.289361 0.076121 0.633077 0.001441
0.371430 0.017978 0.610582 0.000010
0.380479 0.022144 0.597367 0.000010
0.172271 0.507721 0.319998 0.000010
0.000010 0.018304 0.981676 0.000010
0.000010 0.055326 0.944654 0.000010
0.306295 0.051293 0.640867 0.001545
0.000010 0.065320 0.934660 0.000010
0.354464 0.040325 0.605201 0.000010
0.407466 0.211762 0.368755 0.012017
0.258866 0.082160 0.651064 0.007910
0.223031 0.068426 0.698610 0.009932
0.360239 0.100676 0.526435 0.012650
0.259460 0.149808 0.583465 0.007267
0.188594 0.089355 0.717061 0.004991
0.303025 0.070128 0.620446 0.006400
0.138189 0.352931 0.501637 0.007243
0.268944 0.078511 0.645852 0.006693
0.253885 0.084719 0.653864 0.007532
0.257316 0.148445 0.588960 0.005280
0.303871 0.085131 0.603779 0.007220
0.000010 0.024409 0.975571 0.000010
0.316408 0.095656 0.581166 0.006771
0.314682 0.039194 0.646114 0.000010
0.279057 0.078712 0.635141 0.007089
0.371441 0.053136 0.574500 0.000924
0.327351 0.043187 0.622911 0.006550
0.236411 0.294245 0.463520 0.005824
0.187602 0.315976 0.487908 0.008513
0.234516 0.080902 0.673645 0.010938
0.164001 0.275281 0.552608 0.008110
0.244029 0.103727 0.643866 0.008378
0.272483 0.083833 0.634376 0.009308
0.263875 0.093327 0.636841 0.005956
0.354081 0.088518 0.550577 0.006825
0.287132 0.166278 0.538844 0.007747
0.309801 0.107184 0.574459 0.008556
0.273641 0.159243 0.558128 0.008988
0.000010 0.000010 0.999970 0.000010
0.333934 0.262931 0.389662 0.013473
0.341801 0.042275 0.615914 0.000010
0.415756 0.177669 0.395637 0.010937
0.999970 0.000010 0.000010 0.000010
0.315615 0.129623 0.548109 0.006652
0.999970 0.000010 0.000010 0.000010
0.000010 0.076882 0.923098 0.000010
0.000010 0.028844 0.971136 0.000010
0.000011 0.000011 0.999968 0.000010
0.326001 0.039263 0.634726 0.000010
0.374000 0.000010 0.625980 0.000010
0.000010 0.000010 0.999970 0.000010
0.000010 0.022737 0.977243 0.000010
0.000010 0.000218 0.999762 0.000010
0.358426 0.041450 0.600114 0.000010
0.999970 0.000010 0.000010 0.000010
0.357867 0.041831 0.600292 0.000010
0.331589 0.020126 0.648275 0.000010
0.989764 0.010216 0.000010 0.000010
0.000010 0.000012 0.000010 0.999968
0.345566 0.037463 0.616962 0.000010
0.000010 0.000020 0.000010 0.999960
0.399995 0.023353 0.575758 0.000895
0.999970 0.000010 0.000010 0.000010
0.999970 0.000010 0.000010 0.000010
0.000010 0.000010 0.999970 0.000010
0.000010 0.000010 0.999970 0.000010
0.000010 0.000010 0.999970 0.000010
0.000010 0.000010 0.999970 0.000010
0.000010 0.000010 0.999970 0.000010
0.073982 0.095348 0.244578 0.586093
0.295093 0.128060 0.570823 0.006025
0.315847 0.109088 0.571087 0.003977
0.355342 0.063060 0.581260 0.000339
0.999970 0.000010 0.000010 0.000010
0.278603 0.099180 0.615053 0.007164
0.999970 0.000010 0.000010 0.000010
0.211102 0.151162 0.629851 0.007885
0.247332 0.139863 0.605406 0.007399
0.351518 0.038807 0.609665 0.000010
0.394733 0.000010 0.605247 0.000010
0.399943 0.000010 0.600037 0.000010
0.380813 0.033264 0.578125 0.007798
0.331710 0.028218 0.640062 0.000010
0.508552 0.251924 0.235989 0.003536
0.293007 0.132327 0.567393 0.007273
0.331356 0.146394 0.513999 0.008252
0.999970 0.000010 0.000010 0.000010
0.366063 0.184315 0.444384 0.005238
0.031137 0.124760 0.843871 0.000233
0.000010 0.169526 0.830454 0.000010
0.000010 0.000010 0.999970 0.000010
0.999970 0.000010 0.000010 0.000010
0.999970 0.000010 0.000010 0.000010
0.000010 0.067364 0.932616 0.000010
0.000010 0.203668 0.193591 0.602731
0.000019 0.091116 0.908855 0.000010
0.999970 0.000010 0.000010 0.000010
0.247631 0.106120 0.640006 0.006243
0.201300 0.092081 0.700944 0.005675
0.454638 0.305154 0.235028 0.005180
0.246769 0.210303 0.539527 0.003400
0.302461 0.217190 0.469451 0.010899
0.999970 0.000010 0.000010 0.000010
0.386758 0.037873 0.573632 0.001737
0.000010 0.024109 0.975871 0.000010
0.319337 0.079970 0.600683 0.000010
0.380254 0.061373 0.558363 0.000010
0.000010 0.072689 0.927291 0.000010
0.405380 0.226348 0.359564 0.008708
0.000010 0.057314 0.942666 0.000010
0.492724 0.145091 0.138469 0.223715
0.000010 0.000011 0.000010 0.999969
0.187109 0.352637 0.446728 0.013525
0.311472 0.088784 0.588552 0.011192
0.457627 0.275789 0.258694 0.007890
0.271021 0.092226 0.620433 0.016320
0.080526 0.038223 0.875240 0.006011
0.146031 0.047745 0.804416 0.001808
0.132794 0.085924 0.219414 0.561867
0.132288 0.086517 0.220237 0.560959
0.718153 0.107503 0.174334 0.000010
0.404317 0.371057 0.222551 0.002075
0.354336 0.233759 0.408534 0.003371
0.000010 0.000011 0.000010 0.999969
0.308197 0.106048 0.575535 0.010220
0.000010 0.027155 0.972825 0.000010
0.293340 0.214276 0.482420 0.009964
0.999970 0.000010 0.000010 0.000010
0.092764 0.078678 0.825429 0.003129
0.000010 0.085964 0.914016 0.000010
0.013187 0.089111 0.897693 0.000010
0.017772 0.043858 0.938360 0.000010
0.021042 0.277633 0.694142 0.007183
0.265753 0.070835 0.652595 0.010818
0.277936 0.140913 0.572073 0.009078
0.000010 0.000010 0.999970 0.000010
0.299115 0.154437 0.543145 0.003303
0.282913 0.145701 0.566083 0.005304
0.000010 0.141595 0.857090 0.001305
0.248479 0.075543 0.672767 0.003211
0.266029 0.057079 0.670918 0.005975
0.251082 0.113314 0.627739 0.007865
0.000011 0.067018 0.932961 0.000010
0.295374 0.078970 0.619968 0.005688
0.000010 0.113553 0.886427 0.000010
0.000816 0.159874 0.839300 0.000010
0.260006 0.080354 0.651855 0.007784
0.238504 0.130017 0.628012 0.003467
0.233314 0.142756 0.620717 0.003213
0.315433 0.069838 0.606717 0.008012
0.000010 0.084590 0.915390 0.000010
0.000010 0.166222 0.833758 0.000010
0.012654 0.108473 0.878862 0.000010
0.272048 0.031373 0.689500 0.007079
0.000010 0.000011 0.999969 0.000010
0.296170 0.057439 0.638787 0.007604
0.035681 0.210095 0.746132 0.008092
0.014770 0.032145 0.953075 0.000010
0.109763 0.160205 0.730021 0.000010
0.044102 0.083389 0.871861 0.000648
0.295859 0.117843 0.580779 0.005519
0.324026 0.060645 0.615318 0.000010
0.323559 0.060701 0.604783 0.010957
0.328397 0.058126 0.612381 0.001096
0.284980 0.086751 0.623099 0.005170
0.324270 0.056150 0.618393 0.001187
0.000766 0.062664 0.936560 0.000010
0.004947 0.041532 0.953511 0.000010
0.000010 0.100551 0.899429 0.000010
0.000010 0.080765 0.919215 0.000010
0.201830 0.126758 0.658274 0.013137
0.015572 0.018767 0.965651 0.000010
0.000012 0.082267 0.917712 0.000010
0.000016 0.083715 0.916258 0.000010
0.048039 0.263685 0.688266 0.000010
0.015356 0.212847 0.771786 0.000010
0.021181 0.268241 0.710568 0.000010
0.273164 0.087650 0.630131 0.009055
0.000010 0.017683 0.982297 0.000010
0.000010 0.000010 0.999970 0.000010
0.000010 0.097361 0.902619 0.000010
0.000010 0.039959 0.960021 0.000010
0.321683 0.081325 0.596409 0.000583
0.293281 0.111666 0.588818 0.006235
0.351515 0.052015 0.595205 0.001266
0.344989 0.067056 0.581484 0.006472
0.000010 0.096171 0.903809 0.000010
0.000011 0.096683 0.903296 0.000010
0.353921 0.068322 0.567068 0.010688
0.000010 0.160496 0.839484 0.000010
0.000010 0.125616 0.874364 0.000010
0.285968 0.146592 0.558676 0.008764
0.000969 0.106738 0.892282 0.000010
0.308245 0.145123 0.538640 0.007992
0.198596 0.226739 0.556978 0.017687
0.000010 0.136860 0.863120 0.000010
0.020662 0.031384 0.947943 0.000010
0.289458 0.083105 0.623822 0.003614
0.297109 0.100664 0.595003 0.007224
0.284748 0.056230 0.653203 0.005819
0.274895 0.079125 0.642967 0.003013
0.320835 0.086167 0.583953 0.009045
0.018788 0.215623 0.765579 0.000010
0.999970 0.000010 0.000010 0.000010
0.999970 0.000010 0.000010 0.000010
0.014820 0.162382 0.822789 0.000010
0.216677 0.157478 0.615714 0.010130
0.325920 0.049277 0.614332 0.010471
0.264857 0.112500 0.609313 0.013330
0.284163 0.053682 0.654382 0.007772
0.323729 0.050266 0.621825 0.004180
0.228327 0.152277 0.614476 0.004920
0.000010 0.044624 0.955356 0.000010
0.282378 0.076561 0.638474 0.002587
0.000010 0.147543 0.852238 0.000209
0.005149 0.115549 0.879292 0.000010
0.000010 0.000010 0.999970 0.000010
0.000010 0.000010 0.999970 0.000010
0.000010 0.172822 0.827158 0.000010
0.000010 0.000010 0.999970 0.000010
0.358806 0.062638 0.570961 0.007594
0.285567 0.208099 0.494969 0.011365
0.237697 0.108495 0.644383 0.009425
0.999970 0.000010 0.000010 0.000010
0.240711 0.141533 0.612720 0.005037
0.294549 0.078403 0.618681 0.008367
0.335505 0.051695 0.605278 0.007522
0.222232 0.181138 0.587666 0.008964
0.253816 0.091282 0.643302 0.011600
0.323952 0.119821 0.542174 0.014054
0.218553 0.111963 0.662882 0.006602
0.279145 0.067618 0.645649 0.007589
0.302817 0.109216 0.579223 0.008744
0.179078 0.121521 0.689798 0.009604
0.008157 0.589525 0.017584 0.384734
0.311473 0.207921 0.471213 0.009393
0.311248 0.136823 0.543505 0.008423
0.214357 0.283683 0.498644 0.003317
0.306448 0.055313 0.625277 0.012963
0.261408 0.139019 0.573587 0.025986
0.999970 0.000010 0.000010 0.000010
0.340513 0.077367 0.571547 0.010573
0.220446 0.205367 0.571524 0.002662
0.000010 0.000010 0.999970 0.000010
0.347504 0.027537 0.601385 0.023574
0.633413 0.158574 0.208003 0.000010
0.326689 0.104243 0.561643 0.007425
0.000010 0.999970 0.000010 0.000010
0.259461 0.112538 0.612258 0.015743
0.282553 0.137432 0.566469 0.013547
