0.000010 0.999960 0.000010 0.000010 0.000010
0.217227 0.327688 0.283027 0.036841 0.135217
0.055067 0.371547 0.312241 0.013980 0.247164
0.272972 0.231103 0.171207 0.324709 0.000010
0.835253 0.000010 0.024940 0.044873 0.094924
0.067218 0.133356 0.250992 0.006401 0.542033
0.014886 0.285495 0.238359 0.000010 0.461250
0.340266 0.220312 0.211846 0.063428 0.164148
0.298757 0.181831 0.308117 0.050670 0.160625
0.247116 0.246592 0.338603 0.063033 0.104656
0.104494 0.248666 0.423081 0.017845 0.205914
0.168725 0.282005 0.297930 0.057288 0.194052
0.071781 0.207932 0.226433 0.000010 0.493843
0.089149 0.307131 0.372334 0.013702 0.217684
0.004714 0.554953 0.194999 0.004441 0.240894
0.025108 0.523296 0.328499 0.002225 0.120873
0.179804 0.184648 0.443187 0.006937 0.185424
0.345726 0.035762 0.494139 0.002970 0.121403
0.012445 0.207146 0.286379 0.000010 0.494021
0.273819 0.206051 0.245649 0.052399 0.222083
0.038529 0.496947 0.315863 0.005596 0.143065
0.090121 0.311781 0.391825 0.021835 0.184438
0.000015 0.049974 0.030012 0.000010 0.919989
0.000010 0.000018 0.000010 0.000010 0.999952
0.000018 0.467692 0.384574 0.000010 0.147706
0.000010 0.999960 0.000010 0.000010 0.000010
0.003923 0.101673 0.071845 0.000010 0.822548
0.000017 0.000010 0.000010 0.000010 0.999953
0.009404 0.053924 0.087488 0.000010 0.849173
0.131881 0.082094 0.028736 0.000010 0.757280
0.000013 0.656907 0.227795 0.000010 0.115275
0.101255 0.527011 0.278809 0.000010 0.092914
0.028206 0.000010 0.000010 0.000010 0.971764
0.067573 0.451456 0.406453 0.000010 0.074509
0.013747 0.408381 0.241431 0.215683 0.120758
0.000011 0.133805 0.063801 0.000010 0.802373
0.000010 0.999960 0.000010 0.000010 0.000010
0.008236 0.052421 0.031549 0.000010 0.907785
0.000010 0.464702 0.387989 0.000010 0.147289
0.020766 0.000010 0.025849 0.000010 0.953365
0.206080 0.281095 0.355307 0.010939 0.146579
0.000010 0.999960 0.000010 0.000010 0.000010
0.031199 0.000010 0.221444 0.613320 0.134026
0.000013 0.999957 0.000010 0.000010 0.000010
0.000014 0.999956 0.000010 0.000010 0.000010
0.000010 0.512153 0.376549 0.000010 0.111278
0.000010 0.985093 0.014877 0.000010 0.000010
0.000010 0.999960 0.000010 0.000010 0.000010
0.013883 0.401165 0.243104 0.218693 0.123155
0.000010 0.000010 0.000010 0.000010 0.999960
0.065678 0.136357 0.036405 0.000010 0.761551
0.000010 0.000010 0.000010 0.999960 0.000010
0.000014 0.999956 0.000010 0.000010 0.000010
0.000010 0.158942 0.062632 0.000010 0.778406
0.000010 0.999960 0.000010 0.000010 0.000010
0.000010 0.000010 0.000010 0.999960 0.000010
0.001097 0.047748 0.037540 0.000010 0.913605
0.000010 0.000010 0.000010 0.999960 0.000010
0.000010 0.501919 0.413177 0.000010 0.084884
0.000016 0.615399 0.031550 0.000010 0.353025
0.000010 0.999960 0.000010 0.000010 0.000010
0.000010 0.000010 0.000010 0.999960 0.000010
0.000010 0.000010 0.000010 0.999960 0.000010
0.000010 0.999960 0.000010 0.000010 0.000010
0.000010 0.999960 0.000010 0.000010 0.000010
0.000014 0.999955 0.000010 0.000010 0.000010
0.000010 0.000010 0.000010 0.999960 0.000010
0.000010 0.000010 0.000010 0.999960 0.000010
0.000010 0.918699 0.025915 0.000010 0.055366
0.000014 0.999956 0.000010 0.000010 0.000010
0.000010 0.000010 0.000010 0.999960 0.000010
0.000010 0.999960 0.000010 0.000010 0.000010
0.000010 0.999958 0.000010 0.000012 0.000010
0.000010 0.000010 0.000010 0.999960 0.000010
0.043783 0.000010 0.183402 0.592846 0.179959
0.000010 0.000010 0.000010 0.790349 0.209621
0.000010 0.000010 0.000010 0.999960 0.000010
0.000010 0.000010 0.000010 0.999960 0.000010
0.000010 0.999960 0.000010 0.000010 0.000010
0.048309 0.491234 0.352242 0.000010 0.108205
0.000010 0.900134 0.000010 0.000010 0.099835
0.106654 0.091999 0.263247 0.000010 0.538090
0.000010 0.940430 0.000010 0.000010 0.059540
0.000010 0.000010 0.000010 0.999960 0.000010
0.040929 0.085316 0.054203 0.000010 0.819542
0.250373 0.015704 0.042399 0.009698 0.681827
0.998159 0.000010 0.000010 0.000010 0.001811
0.000010 0.080569 0.014035 0.000010 0.905376
0.000010 0.999960 0.000010 0.000010 0.000010
0.000010 0.154286 0.014970 0.000010 0.830724
0.056800 0.000010 0.180949 0.581184 0.181057
0.000010 0.959702 0.000010 0.000010 0.040268
0.062180 0.000010 0.010668 0.000010 0.927132
0.198827 0.178218 0.451347 0.007843 0.163765
0.030980 0.000010 0.190532 0.603759 0.174720
0.093330 0.000010 0.218055 0.559303 0.129302
0.000010 0.000010 0.000010 0.999960 0.000010
0.019065 0.000010 0.214740 0.611277 0.154907
0.000010 0.069358 0.000010 0.000010 0.930612
0.004101 0.000010 0.252033 0.627313 0.116544
0.052066 0.053520 0.138210 0.001635 0.754569
0.000010 0.000010 0.000010 0.000010 0.999960
0.000010 0.172294 0.024188 0.000010 0.803498
0.111495 0.068308 0.078864 0.007252 0.734082
0.009476 0.000010 0.226553 0.569874 0.194088
0.041234 0.002903 0.155868 0.000010 0.799985
0.000010 0.999960 0.000010 0.000010 0.000010
0.255465 0.124207 0.292481 0.006212 0.321635
0.189258 0.189623 0.499916 0.004196 0.117007
0.110092 0.364243 0.131305 0.000010 0.394349
0.000010 0.000010 0.037587 0.000010 0.962383
0.007238 0.121315 0.066681 0.000010 0.804756
0.000010 0.999960 0.000010 0.000010 0.000010
0.000010 0.999951 0.000019 0.000010 0.000010
0.000012 0.123137 0.053975 0.000010 0.822865
0.145416 0.011186 0.843378 0.000010 0.000010
0.000010 0.999960 0.000010 0.000010 0.000010
0.010311 0.609456 0.038048 0.000010 0.342175
0.018235 0.097521 0.077719 0.000010 0.806514
0.217338 0.010012 0.312296 0.005486 0.454868
0.000010 0.115841 0.185073 0.000010 0.699066
0.001038 0.172083 0.240003 0.005264 0.581613
0.000010 0.048496 0.000010 0.000010 0.951474
0.906509 0.013356 0.052412 0.000010 0.027714
0.039833 0.000010 0.208762 0.598793 0.152603
0.064503 0.106320 0.042917 0.000010 0.786249
0.002067 0.105592 0.040605 0.000010 0.851726
0.004920 0.178945 0.233903 0.000010 0.582222
0.000010 0.000010 0.999960 0.000010 0.000010
0.000010 0.999960 0.000010 0.000010 0.000010
0.217860 0.105536 0.237071 0.005184 0.434349
0.000010 0.049701 0.000010 0.000010 0.950269
0.000010 0.105423 0.051570 0.000010 0.842987
0.083797 0.379161 0.331870 0.004033 0.201139
0.003074 0.000010 0.014497 0.000010 0.982410
0.038885 0.026632 0.127374 0.000010 0.807100
0.217836 0.199073 0.322142 0.009619 0.251331
0.000010 0.999960 0.000010 0.000010 0.000010
0.991232 0.000010 0.000010 0.000010 0.008738
0.937795 0.000010 0.000010 0.000010 0.062175
0.149680 0.157642 0.215977 0.008504 0.468198
0.035376 0.002314 0.017613 0.000010 0.944687
0.000010 0.000010 0.000010 0.000010 0.999960
0.006463 0.089130 0.050326 0.000010 0.854070
0.000010 0.000010 0.000010 0.999960 0.000010
0.092740 0.072756 0.200297 0.000010 0.634197
0.125558 0.096012 0.118655 0.000010 0.659765
0.000010 0.000010 0.000010 0.000010 0.999960
0.000010 0.999960 0.000010 0.000010 0.000010
0.178653 0.192519 0.363446 0.004059 0.261324
0.120804 0.168905 0.341996 0.000462 0.367833
0.000010 0.535310 0.351204 0.000010 0.113466
0.000010 0.000010 0.000010 0.999960 0.000010
0.048048 0.032673 0.250987 0.002418 0.665873
0.000010 0.000010 0.000010 0.999960 0.000010
0.019840 0.623650 0.263449 0.000010 0.093051
0.054908 0.052759 0.271467 0.566624 0.054243
0.919182 0.000015 0.000010 0.000010 0.080784
0.000010 0.999960 0.000010 0.000010 0.000010
0.327497 0.000010 0.226070 0.003062 0.443361
0.015400 0.054154 0.296059 0.552587 0.081799
0.026878 0.470100 0.429333 0.000010 0.073678
0.000013 0.000010 0.000010 0.000010 0.999957
0.000015 0.000010 0.000010 0.000010 0.999955
0.999960 0.000010 0.000010 0.000010 0.000010
0.153997 0.063723 0.182705 0.003163 0.596412
0.337714 0.099608 0.206778 0.006836 0.349064
0.000010 0.000010 0.000010 0.000010 0.999960
0.023383 0.482689 0.309955 0.006188 0.177785
0.006791 0.000010 0.000010 0.000010 0.993179
0.000010 0.000010 0.980507 0.000010 0.019463
0.210159 0.094313 0.221689 0.001804 0.472035
0.049032 0.535928 0.314716 0.000010 0.100314
0.103356 0.478266 0.301937 0.000010 0.116431
0.133408 0.225707 0.332765 0.009359 0.298761
0.032801 0.046733 0.864386 0.000010 0.056070
0.014228 0.044344 0.108483 0.000010 0.832936
0.062143 0.429516 0.344851 0.001824 0.161665
0.212310 0.145462 0.354513 0.005167 0.282548
0.098422 0.452561 0.370821 0.000010 0.078186
0.000010 0.000010 0.000010 0.000010 0.999960
0.000010 0.999960 0.000010 0.000010 0.000010
0.029585 0.490248 0.428604 0.000010 0.051552
0.020014 0.401423 0.233074 0.223173 0.122317
0.199753 0.094157 0.300536 0.007970 0.397583
0.006381 0.416310 0.411419 0.000010 0.165880
0.154439 0.085501 0.115582 0.000889 0.643588
0.274078 0.000052 0.213797 0.009021 0.503053
0.046675 0.000010 0.000010 0.000010 0.953295
0.094275 0.004034 0.069283 0.000010 0.832398
0.028040 0.000011 0.072590 0.000010 0.899349
0.879657 0.000010 0.030327 0.007137 0.082869
0.015250 0.013850 0.019089 0.000010 0.951800
0.000010 0.999960 0.000010 0.000010 0.000010
0.944979 0.000014 0.000010 0.000010 0.054987
0.748447 0.000010 0.074027 0.002828 0.174688
0.313228 0.132703 0.442784 0.009659 0.101626
0.051577 0.473082 0.350634 0.003732 0.120975
0.023127 0.055679 0.270640 0.568779 0.081775
0.762031 0.000010 0.062680 0.013122 0.162158
0.104807 0.000010 0.048683 0.000010 0.846490
0.835336 0.000011 0.066733 0.000010 0.097909
0.175151 0.105297 0.358911 0.007898 0.352743
0.349817 0.110342 0.421846 0.012518 0.105476
0.233187 0.025652 0.263814 0.006670 0.470677
0.074780 0.069052 0.260688 0.003376 0.592103
0.989526 0.010444 0.000010 0.000010 0.000010
0.012996 0.051349 0.031741 0.000010 0.903903
0.150292 0.247233 0.366667 0.001111 0.234697
0.000010 0.999960 0.000010 0.000010 0.000010
0.000010 0.999960 0.000010 0.000010 0.000010
0.935835 0.000010 0.037370 0.000010 0.026775
0.106489 0.320176 0.385574 0.027205 0.160556
0.937588 0.002558 0.059834 0.000010 0.000010
0.099781 0.471627 0.309631 0.002229 0.116732
0.388127 0.027257 0.192257 0.015498 0.376861
0.826898 0.002820 0.046629 0.004029 0.119625
0.742819 0.000010 0.076411 0.007852 0.172907
0.963917 0.000010 0.000010 0.000010 0.036053
0.094127 0.314508 0.400381 0.025209 0.165775
0.793293 0.000010 0.027142 0.002231 0.177323
0.061867 0.054907 0.252493 0.002364 0.628369
0.758818 0.000010 0.100062 0.007728 0.133382
0.000010 0.466975 0.415687 0.000010 0.117318
0.106129 0.272188 0.303421 0.013408 0.304853
0.246735 0.120199 0.179390 0.004086 0.449590
0.020713 0.499535 0.414892 0.000010 0.064850
0.000010 0.000010 0.000010 0.000010 0.999960
0.052131 0.497522 0.309383 0.001167 0.139797
0.818327 0.000014 0.072248 0.000010 0.109401
0.000010 0.000010 0.000010 0.000010 0.999960
0.106892 0.190300 0.328688 0.004473 0.369648
0.089309 0.122258 0.239629 0.010078 0.538726
0.137574 0.106750 0.253606 0.004066 0.498004
0.975212 0.000010 0.000010 0.000010 0.024758
0.087209 0.249856 0.338640 0.011169 0.313126
0.060387 0.505724 0.310490 0.002621 0.120778
0.030124 0.533350 0.273692 0.003376 0.159458
0.013595 0.614082 0.239367 0.004104 0.128851
0.047798 0.025360 0.120737 0.000198 0.805906
0.032758 0.510190 0.368532 0.000010 0.088511
0.999960 0.000010 0.000010 0.000010 0.000010
0.951678 0.000010 0.048292 0.000010 0.000010
0.999960 0.000010 0.000010 0.000010 0.000010
0.000010 0.000010 0.999960 0.000010 0.000010
0.999960 0.000010 0.000010 0.000010 0.000010
0.000010 0.000010 0.999960 0.000010 0.000010
0.000010 0.000010 0.999960 0.000010 0.000010
0.999960 0.000010 0.000010 0.000010 0.000010
0.938127 0.000010 0.000010 0.000010 0.061843
0.999957 0.000011 0.000012 0.000010 0.000010
0.950687 0.000010 0.000010 0.000010 0.049283
0.999960 0.000010 0.000010 0.000010 0.000010
0.127580 0.305973 0.392142 0.000010 0.174295
0.027697 0.014125 0.886081 0.000010 0.072087
0.935622 0.000012 0.000010 0.000010 0.064346
0.000010 0.031599 0.927880 0.000010 0.040500
0.000010 0.000010 0.999960 0.000010 0.000010
0.209257 0.137411 0.372842 0.000387 0.280103
0.141538 0.168606 0.386363 0.000010 0.303484
0.000010 0.000010 0.999960 0.000010 0.000010
0.172996 0.122210 0.360338 0.001937 0.342519
0.999960 0.000010 0.000010 0.000010 0.000010
0.062522 0.016748 0.256768 0.604022 0.059940
0.000010 0.009634 0.958971 0.000010 0.031374
0.999960 0.000010 0.000010 0.000010 0.000010
0.000010 0.002697 0.953826 0.000010 0.043457
0.999960 0.000010 0.000010 0.000010 0.000010
0.000010 0.000010 0.968706 0.000010 0.031264
0.000010 0.000010 0.999960 0.000010 0.000010
0.000010 0.000010 0.999960 0.000010 0.000010
0.016015 0.000010 0.259156 0.618661 0.106157
0.000010 0.999960 0.000010 0.000010 0.000010
0.019308 0.000010 0.264296 0.612763 0.103623
0.999960 0.000010 0.000010 0.000010 0.000010
0.000010 0.000010 0.999960 0.000010 0.000010
0.074037 0.010795 0.272373 0.595713 0.047082
0.000010 0.000010 0.999960 0.000010 0.000010
0.021743 0.000010 0.180262 0.611731 0.186255
0.970435 0.000010 0.000010 0.000010 0.029535
0.000010 0.000010 0.999960 0.000010 0.000010
0.000010 0.000010 0.999960 0.000010 0.000010
0.000010 0.999960 0.000010 0.000010 0.000010
0.000011 0.000010 0.000010 0.000010 0.999959
0.059790 0.017192 0.050545 0.000010 0.872463
0.108163 0.142964 0.364997 0.005498 0.378378
0.100778 0.205133 0.387089 0.001823 0.305177
0.051612 0.058682 0.204815 0.002186 0.682705
0.220735 0.028701 0.258201 0.005794 0.486569
0.191530 0.060205 0.299988 0.002724 0.445553
0.000013 0.999957 0.000010 0.000010 0.000010
0.000010 0.016368 0.000010 0.000010 0.983602
0.000011 0.999959 0.000010 0.000010 0.000010
0.615900 0.008287 0.213655 0.015242 0.146916
0.169350 0.102626 0.366288 0.002969 0.358767
0.000012 0.000017 0.000010 0.000010 0.999950
0.296053 0.136512 0.456491 0.011756 0.099188
0.000010 0.999960 0.000010 0.000010 0.000010
0.000010 0.063627 0.113114 0.000010 0.823240
0.000010 0.999957 0.000013 0.000010 0.000010
0.300282 0.109646 0.525405 0.003200 0.061467
0.256014 0.029462 0.279184 0.002028 0.433312
0.214860 0.096513 0.313639 0.000010 0.374977
0.004146 0.322300 0.213465 0.007102 0.452987
0.000010 0.000010 0.000010 0.000010 0.999960
0.774120 0.058569 0.034195 0.003174 0.129942
0.336880 0.120972 0.412237 0.008994 0.120918
0.000011 0.029973 0.000010 0.000010 0.969996
0.069846 0.003300 0.074299 0.000010 0.852545
0.242566 0.005764 0.750622 0.000010 0.001038
0.000010 0.999960 0.000010 0.000010 0.000010
0.000010 0.000010 0.999960 0.000010 0.000010
0.000010 0.017189 0.000010 0.000010 0.982781
0.000011 0.000010 0.000010 0.000010 0.999959
0.000011 0.999955 0.000014 0.000010 0.000010
0.005974 0.006307 0.022219 0.000010 0.965490
0.224299 0.015559 0.760122 0.000010 0.000010
0.000010 0.000011 0.000010 0.000010 0.999959
0.000010 0.999960 0.000010 0.000010 0.000010
0.079799 0.509921 0.337327 0.000010 0.072942
0.000010 0.999960 0.000010 0.000010 0.000010
0.096577 0.233825 0.298369 0.003325 0.367904
0.000010 0.000010 0.000010 0.000010 0.999960
0.129757 0.111654 0.251577 0.005637 0.501374
0.256875 0.030588 0.278719 0.012265 0.421554
0.000010 0.999960 0.000010 0.000010 0.000010
0.000010 0.506657 0.380222 0.000010 0.113101
0.038111 0.000010 0.194043 0.596336 0.171501
0.005853 0.000457 0.026861 0.000010 0.966819
0.100265 0.057024 0.209277 0.004347 0.629088
0.000010 0.000010 0.983133 0.000010 0.016837
0.331869 0.017046 0.258684 0.006095 0.386306
0.000010 0.000018 0.000010 0.000010 0.999952
0.000010 0.000010 0.999960 0.000010 0.000010
0.000010 0.999960 0.000010 0.000010 0.000010
0.007135 0.000010 0.252624 0.612506 0.127725
0.000010 0.984331 0.015639 0.000010 0.000010
0.012030 0.000010 0.255244 0.611213 0.121503
0.000010 0.999960 0.000010 0.000010 0.000010
0.000010 0.999960 0.000010 0.000010 0.000010
0.105994 0.321145 0.320533 0.023616 0.228712
0.000010 0.075190 0.050790 0.000010 0.873999
0.863670 0.000010 0.018521 0.005901 0.111898
0.200345 0.043423 0.335840 0.002037 0.418354
0.000010 0.000010 0.000010 0.000010 0.999960
0.042393 0.031893 0.342533 0.548011 0.035170
0.000011 0.000010 0.999959 0.000010 0.000010
0.207658 0.052002 0.301801 0.006707 0.431832
0.164183 0.267760 0.311422 0.012229 0.244406
0.200403 0.039322 0.290673 0.010959 0.458642
0.000010 0.000015 0.000010 0.000010 0.999955
0.214039 0.012987 0.222310 0.010144 0.540520
0.000010 0.000010 0.000010 0.000010 0.999960
0.916011 0.014962 0.011320 0.004568 0.053139
0.000010 0.999960 0.000010 0.000010 0.000010
0.209657 0.035618 0.264118 0.007546 0.483061
0.241726 0.018382 0.330281 0.012389 0.397222
0.000010 0.000010 0.000010 0.000010 0.999960
0.166940 0.036341 0.225770 0.015441 0.555508
0.187012 0.031028 0.282915 0.003194 0.495850
0.376163 0.065970 0.247140 0.014591 0.296136
0.196561 0.076394 0.328213 0.010039 0.388793
0.175506 0.081829 0.343820 0.007509 0.391336
0.000011 0.000010 0.000010 0.000010 0.999959
0.015380 0.939127 0.000010 0.009439 0.036044
0.000010 0.015237 0.026987 0.000010 0.957756
0.044736 0.010581 0.885949 0.000010 0.058724
0.044123 0.000010 0.014293 0.000010 0.941564
0.018578 0.612149 0.267424 0.000010 0.101838
0.032156 0.301827 0.331699 0.005426 0.328893
0.186223 0.023250 0.219700 0.002929 0.567897
0.007397 0.095597 0.212536 0.000762 0.683708
0.251963 0.082333 0.296691 0.002915 0.366097
0.090414 0.069984 0.232305 0.003967 0.603330
0.000010 0.186583 0.242261 0.002491 0.568655
0.261766 0.030476 0.269998 0.007474 0.430287
0.000010 0.000010 0.000010 0.000010 0.999960
0.000010 0.000010 0.000010 0.000010 0.999960
0.282519 0.229426 0.269215 0.029617 0.189222
0.022503 0.135724 0.053728 0.000010 0.788036
0.000017 0.015673 0.015826 0.000010 0.968473
0.129316 0.056712 0.248145 0.004225 0.561602
0.614796 0.000010 0.104915 0.001892 0.278386
0.000010 0.000010 0.000010 0.000010 0.999960
0.142968 0.037619 0.294400 0.007150 0.517863
0.146030 0.019698 0.277944 0.006134 0.550193
0.060330 0.052536 0.124294 0.000010 0.762829
0.167992 0.239976 0.322429 0.004395 0.265208
0.000010 0.999960 0.000010 0.000010 0.000010
0.000010 0.000010 0.000010 0.000010 0.999960
0.000010 0.000010 0.000010 0.000010 0.999960
0.000012 0.952558 0.039288 0.000010 0.008131
0.000010 0.496823 0.375677 0.000010 0.127480
0.312520 0.117743 0.490755 0.008094 0.070888
0.893397 0.000013 0.030764 0.000010 0.075816
0.137294 0.221707 0.307929 0.008810 0.324259
0.055379 0.477431 0.319159 0.000010 0.148022
0.800346 0.013960 0.081494 0.004697 0.099503
0.000010 0.999960 0.000010 0.000010 0.000010
0.746085 0.000010 0.036426 0.017774 0.199705
0.100047 0.054221 0.191605 0.007984 0.646143
0.000010 0.210803 0.241183 0.003506 0.544497
0.000010 0.999960 0.000010 0.000010 0.000010
0.199944 0.135122 0.414126 0.006592 0.244216
0.000010 0.999960 0.000010 0.000010 0.000010
0.089852 0.291844 0.378535 0.010698 0.229071
0.820677 0.011110 0.060254 0.005729 0.102230
0.000020 0.000010 0.000010 0.000010 0.999950
0.000010 0.000010 0.999347 0.000010 0.000623
0.082568 0.012764 0.266632 0.593370 0.044666
0.832768 0.000010 0.070642 0.000010 0.096571
0.000016 0.000010 0.999952 0.000011 0.000010
0.999960 0.000010 0.000010 0.000010 0.000010
0.000010 0.000010 0.999960 0.000010 0.000010
0.999960 0.000010 0.000010 0.000010 0.000010
0.705207 0.000010 0.128520 0.002844 0.163420
0.999960 0.000010 0.000010 0.000010 0.000010
0.732225 0.048207 0.072680 0.013022 0.133865
0.829822 0.000010 0.074928 0.000010 0.095230
0.999960 0.000010 0.000010 0.000010 0.000010
0.016383 0.000010 0.262155 0.623820 0.097632
0.999960 0.000010 0.000010 0.000010 0.000010
0.861659 0.000010 0.039587 0.000010 0.098734
0.270071 0.017661 0.140244 0.000010 0.572014
0.825995 0.000010 0.031113 0.000010 0.142872
0.199567 0.011710 0.143635 0.000010 0.645078
0.863166 0.000010 0.032506 0.000010 0.104308
0.175168 0.080851 0.116766 0.000010 0.627205
0.000010 0.000010 0.978097 0.000010 0.021873
0.056029 0.453102 0.334661 0.000010 0.156198
0.999960 0.000010 0.000010 0.000010 0.000010
0.054679 0.455241 0.329810 0.000010 0.160260
0.999952 0.000018 0.000010 0.000010 0.000010
0.930948 0.010373 0.000010 0.000010 0.058659
0.000010 0.000010 0.999960 0.000010 0.000010
0.073137 0.000010 0.267183 0.603418 0.056252
0.000010 0.000010 0.991165 0.000010 0.008805
0.000010 0.000010 0.999959 0.000011 0.000010
0.000010 0.000010 0.999953 0.000017 0.000010
0.000010 0.000010 0.510601 0.000010 0.489369
0.991396 0.002100 0.000010 0.000010 0.006483
0.937151 0.000010 0.000010 0.000010 0.062819
0.000010 0.000010 0.999960 0.000010 0.000010
0.929246 0.000010 0.000010 0.000010 0.070724
0.000010 0.000010 0.999960 0.000010 0.000010
0.102313 0.243427 0.452868 0.008291 0.193102
0.361998 0.113323 0.453071 0.005970 0.065638
0.397241 0.073554 0.462576 0.008516 0.058113
0.209129 0.165285 0.532597 0.008154 0.084835
0.284054 0.099018 0.475146 0.005091 0.136691
0.425150 0.054745 0.438583 0.003026 0.078496
0.326082 0.129454 0.484057 0.002284 0.058122
0.324668 0.048323 0.278823 0.007047 0.341139
0.365432 0.102314 0.464915 0.004448 0.062892
0.360093 0.096651 0.462353 0.005085 0.075817
0.302870 0.114302 0.440436 0.003623 0.138769
0.322879 0.149445 0.449143 0.003403 0.075129
0.974027 0.000010 0.000010 0.000010 0.025943
0.267899 0.126625 0.515128 0.003488 0.086861
0.000010 0.000010 0.999960 0.000010 0.000010
0.331331 0.100642 0.497734 0.004687 0.065607
0.000010 0.000010 0.999960 0.000010 0.000010
0.051213 0.000010 0.948757 0.000010 0.000010
0.261276 0.114592 0.336734 0.004842 0.282556
0.297503 0.086984 0.302606 0.007873 0.305034
0.381153 0.076135 0.462613 0.008734 0.071365
0.345982 0.052100 0.330772 0.007510 0.263635
0.351427 0.085086 0.465207 0.004971 0.093309
0.347138 0.097507 0.477730 0.006114 0.071511
0.361496 0.107227 0.447297 0.003433 0.080546
0.249491 0.159282 0.513881 0.002281 0.075065
0.253522 0.127503 0.458676 0.004638 0.155661
0.289789 0.146644 0.464073 0.005482 0.094012
0.255223 0.096776 0.496268 0.006072 0.145661
0.992344 0.000010 0.007616 0.000010 0.000020
0.143177 0.178762 0.421082 0.010228 0.246751
0.000010 0.000010 0.999960 0.000010 0.000010
0.122027 0.251733 0.457750 0.008217 0.160274
0.000010 0.999960 0.000010 0.000010 0.000010
0.232228 0.129156 0.519109 0.003656 0.115852
0.000010 0.999960 0.000010 0.000010 0.000010
0.935406 0.000010 0.000010 0.000010 0.064564
0.974451 0.000010 0.000010 0.000010 0.025519
0.999960 0.000010 0.000010 0.000010 0.000010
0.000010 0.000010 0.999960 0.000010 0.000010
0.000010 0.000012 0.999958 0.000010 0.000010
0.999960 0.000010 0.000010 0.000010 0.000010
0.996528 0.000010 0.000010 0.000010 0.003442
0.999960 0.000010 0.000010 0.000010 0.000010
0.000010 0.000010 0.999960 0.000010 0.000010
0.000010 0.999960 0.000010 0.000010 0.000010
0.000010 0.000010 0.999960 0.000010 0.000010
0.000010 0.000010 0.999960 0.000010 0.000010
0.000013 0.997662 0.000010 0.000010 0.002305
0.000010 0.000010 0.000010 0.999960 0.000010
0.000010 0.000010 0.999960 0.000010 0.000010
0.000010 0.000010 0.000010 0.999960 0.000010
0.000010 0.000010 0.999960 0.000010 0.000010
0.000010 0.999960 0.000010 0.000010 0.000010
0.000010 0.999960 0.000010 0.000010 0.000010
0.999960 0.000010 0.000010 0.000010 0.000010
0.999960 0.000010 0.000010 0.000010 0.000010
0.999960 0.000010 0.000010 0.000010 0.000010
0.999960 0.000010 0.000010 0.000010 0.000010
0.999960 0.000010 0.000010 0.000010 0.000010
0.072623 0.008639 0.264449 0.582312 0.071977
0.252965 0.122607 0.505069 0.002835 0.116524
0.253773 0.129938 0.517038 0.000792 0.098458
0.000010 0.004061 0.972776 0.000010 0.023142
0.000010 0.999960 0.000010 0.000010 0.000010
0.302153 0.104109 0.498269 0.003967 0.091502
0.000010 0.999960 0.000010 0.000010 0.000010
0.364399 0.060256 0.430929 0.005069 0.139348
0.312327 0.084426 0.466128 0.005046 0.132073
0.000010 0.000010 0.999960 0.000010 0.000010
0.000010 0.000010 0.999960 0.000010 0.000010
0.000010 0.000010 0.999960 0.000010 0.000010
0.000010 0.000010 0.999960 0.000010 0.000010
0.000010 0.000010 0.999960 0.000010 0.000010
0.073354 0.392591 0.291527 0.002965 0.239563
0.229994 0.103204 0.540419 0.003564 0.122820
0.214371 0.155155 0.490375 0.004611 0.135488
0.000010 0.999960 0.000010 0.000010 0.000010
0.176034 0.199945 0.452800 0.001577 0.169644
0.784459 0.019761 0.074524 0.001108 0.120148
0.775368 0.000010 0.062053 0.000010 0.162559
0.999960 0.000010 0.000010 0.000010 0.000010
0.000010 0.999960 0.000010 0.000010 0.000010
0.000010 0.999960 0.000010 0.000010 0.000010
0.911704 0.000010 0.021281 0.000010 0.066995
0.040322 0.000010 0.174198 0.601231 0.184239
0.883137 0.000010 0.029578 0.000010 0.087265
0.000010 0.999960 0.000010 0.000010 0.000010
0.310099 0.069954 0.528509 0.002813 0.088625
0.416777 0.065268 0.431648 0.004133 0.082173
0.083259 0.353584 0.264473 0.004884 0.293800
0.233916 0.086279 0.480548 0.000853 0.198404
0.205230 0.146785 0.435092 0.006794 0.206099
0.000010 0.999960 0.000010 0.000010 0.000010
0.000010 0.000010 0.999960 0.000010 0.000010
0.982550 0.000010 0.000010 0.000010 0.017420
0.000010 0.000010 0.961173 0.000010 0.038797
0.000010 0.033911 0.932499 0.000010 0.033571
0.937143 0.000014 0.000010 0.000010 0.062823
0.199537 0.302395 0.274893 0.008185 0.214990
0.922036 0.000010 0.022928 0.000010 0.055015
0.011845 0.396252 0.245275 0.220065 0.126564
0.000010 0.000010 0.000010 0.999960 0.000010
0.268646 0.103220 0.269703 0.013353 0.345077
0.296382 0.141934 0.474708 0.007488 0.079488
0.081081 0.335131 0.317479 0.005902 0.260407
0.299412 0.089550 0.514797 0.012601 0.083640
0.755773 0.026097 0.176190 0.007379 0.034561
0.701985 0.075894 0.177031 0.001727 0.043363
0.029752 0.050032 0.295922 0.557835 0.066460
0.029757 0.049357 0.296822 0.557169 0.066895
0.000010 0.543344 0.391250 0.000010 0.065387
0.085767 0.312952 0.238186 0.001332 0.361763
0.240180 0.251751 0.281760 0.002037 0.224273
0.000010 0.000010 0.000010 0.999960 0.000010
0.263178 0.123983 0.514999 0.006559 0.091280
0.983313 0.000010 0.000010 0.000010 0.016657
0.287076 0.188859 0.310760 0.009183 0.204122
0.000010 0.999960 0.000010 0.000010 0.000010
0.751504 0.043675 0.125440 0.003970 0.075412
0.884003 0.000010 0.036934 0.000010 0.079043
0.855917 0.000012 0.057575 0.000010 0.086486
0.916945 0.010986 0.032322 0.000010 0.039737
0.636481 0.004522 0.071750 0.009179 0.278068
0.364787 0.122239 0.442939 0.008870 0.061165
0.317298 0.124073 0.419584 0.006131 0.132915
0.947000 0.000010 0.052970 0.000010 0.000010
0.238536 0.113848 0.506270 0.000010 0.141335
0.294242 0.145313 0.418742 0.003103 0.138600
0.822235 0.000010 0.040159 0.000091 0.137504
0.410244 0.107009 0.412963 0.001801 0.067983
0.399939 0.115275 0.431815 0.004124 0.048848
0.303620 0.094853 0.497443 0.007508 0.096576
0.909490 0.000012 0.023790 0.000010 0.066698
0.306759 0.121156 0.501617 0.003383 0.067085
0.879226 0.000013 0.005296 0.000010 0.115455
0.818093 0.000010 0.023142 0.000010 0.158745
0.327759 0.081809 0.520263 0.004590 0.065578
0.325376 0.079344 0.475933 0.001015 0.118333
0.341213 0.086341 0.440860 0.000912 0.130674
0.303659 0.132816 0.501453 0.004435 0.057637
0.878877 0.000012 0.041940 0.000010 0.079161
0.767685 0.000010 0.075879 0.000010 0.156416
0.798590 0.000010 0.102660 0.000010 0.098730
0.381067 0.098428 0.492361 0.003845 0.024299
0.999960 0.000010 0.000010 0.000010 0.000010
0.338544 0.115612 0.494573 0.004142 0.047129
0.665310 0.008488 0.110705 0.009405 0.206092
0.901821 0.000015 0.074683 0.000010 0.023472
0.632130 0.050513 0.163972 0.000010 0.153374
0.803089 0.020559 0.096528 0.001283 0.078540
0.278882 0.137769 0.472942 0.002784 0.107623
0.271086 0.123085 0.557289 0.000010 0.048530
0.316708 0.168472 0.455342 0.008189 0.051289
0.269619 0.129581 0.556507 0.000010 0.044284
0.295255 0.121311 0.505691 0.002346 0.075397
0.283360 0.129248 0.542894 0.000010 0.044488
0.912164 0.000016 0.026140 0.000010 0.061671
0.936211 0.000013 0.021987 0.000010 0.041779
0.899368 0.000010 0.000010 0.000010 0.100602
0.903163 0.000010 0.020114 0.003701 0.073012
0.384430 0.063293 0.422911 0.011533 0.117832
0.946174 0.011323 0.030822 0.000010 0.011671
0.902811 0.000010 0.020390 0.000010 0.076779
0.891897 0.000010 0.028617 0.000010 0.079466
0.605688 0.017090 0.115947 0.000010 0.261265
0.719023 0.000010 0.067267 0.000010 0.213690
0.671023 0.006254 0.056016 0.000010 0.266697
0.323584 0.124506 0.466955 0.006283 0.078672
0.980056 0.000010 0.000010 0.000010 0.019914
0.999956 0.000014 0.000010 0.000010 0.000010
0.904491 0.000010 0.000010 0.000010 0.095479
0.968088 0.000010 0.000010 0.000010 0.031882
0.265711 0.123691 0.540994 0.000010 0.069595
0.304930 0.132609 0.460331 0.003475 0.098655
0.251799 0.150365 0.560180 0.000010 0.037646
0.279353 0.162681 0.500094 0.002719 0.055153
0.913504 0.000010 0.000010 0.000010 0.086466
0.901544 0.000013 0.005474 0.000010 0.092958
0.281207 0.186279 0.471062 0.007800 0.053652
0.851656 0.000010 0.000010 0.000010 0.148314
0.874731 0.000010 0.000010 0.000010 0.125239
0.286959 0.124500 0.447975 0.006377 0.134189
0.882805 0.002530 0.008950 0.000010 0.105704
0.253651 0.131221 0.481464 0.005173 0.128491
0.308116 0.068043 0.393602 0.015168 0.215071
0.831539 0.000010 0.038196 0.000010 0.130245
0.902124 0.004993 0.067847 0.000010 0.025026
0.306252 0.116877 0.505730 0.001254 0.069886
0.276351 0.122878 0.511591 0.005513 0.083668
0.362223 0.123640 0.466380 0.002760 0.044997
0.325069 0.100825 0.506707 0.000201 0.067197
0.279756 0.141459 0.498487 0.005269 0.075029
0.665779 0.000010 0.129292 0.000010 0.204908
0.000010 0.999960 0.000010 0.000010 0.000010
0.000011 0.999957 0.000011 0.000010 0.000010
0.754483 0.000010 0.089493 0.000010 0.156004
0.371261 0.084105 0.387086 0.008518 0.149029
0.294054 0.137360 0.527072 0.005735 0.035778
0.329585 0.110714 0.448697 0.010996 0.100007
0.350803 0.104411 0.494283 0.004660 0.045845
0.298803 0.122858 0.541170 0.000230 0.036939
0.293482 0.068745 0.495121 0.002765 0.139887
0.940486 0.000010 0.013346 0.000010 0.046148
0.312612 0.106339 0.515084 0.000010 0.065955
0.825605 0.000010 0.025704 0.000010 0.148671
0.836788 0.000010 0.049365 0.000010 0.113827
0.999960 0.000010 0.000010 0.000010 0.000010
0.976366 0.000010 0.023604 0.000010 0.000010
0.800878 0.000010 0.029446 0.000010 0.169656
0.999960 0.000010 0.000010 0.000010 0.000010
0.256852 0.162793 0.526382 0.004064 0.049909
0.256649 0.139592 0.395582 0.008500 0.199676
0.360952 0.086274 0.446776 0.007730 0.098268
0.000010 0.999960 0.000010 0.000010 0.000010
0.281710 0.071803 0.514336 0.002276 0.129874
0.330326 0.111264 0.486323 0.005403 0.066683
0.287286 0.144600 0.525885 0.004048 0.038182
0.340588 0.084513 0.395940 0.006976 0.171982
0.367458 0.103704 0.436036 0.008887 0.083916
0.240811 0.152676 0.488774 0.011795 0.105945
0.339001 0.067678 0.487448 0.005099 0.100774
0.365806 0.110059 0.462755 0.004068 0.057312
0.265822 0.127962 0.503404 0.005965 0.096847
0.392520 0.038309 0.450384 0.008320 0.110468
0.000010 0.000010 0.050499 0.382545 0.566936
0.212281 0.155485 0.430499 0.006701 0.195033
0.240662 0.133400 0.496542 0.005449 0.123947
0.271616 0.101202 0.351159 0.002295 0.273729
0.330510 0.130929 0.487455 0.009586 0.041519
0.311990 0.107178 0.429983 0.022634 0.128214
0.000010 0.999960 0.000010 0.000010 0.000010
0.270564 0.159177 0.496850 0.006902 0.066506
0.260057 0.064356 0.484803 0.001020 0.189763
0.999960 0.000010 0.000010 0.000010 0.000010
0.315834 0.190847 0.459606 0.019929 0.013784
0.056849 0.484632 0.334384 0.000010 0.124126
0.259798 0.143165 0.498550 0.004072 0.094415
0.000010 0.000010 0.000010 0.000010 0.999960
0.316867 0.112573 0.460366 0.015123 0.095070
0.289047 0.115596 0.459663 0.010009 0.125685
