0.000010 0.107257 0.000010 0.000010 0.892693 0.000010 0.000010
0.999940 0.000010 0.000010 0.000010 0.000010 0.000010 0.000010
0.923285 0.000010 0.000010 0.000010 0.000010 0.000010 0.076665
0.000010 0.294557 0.000010 0.705393 0.000010 0.000010 0.000010
0.000010 0.315779 0.000010 0.684171 0.000010 0.000010 0.000010
0.521423 0.000010 0.000010 0.000010 0.000010 0.000010 0.478527
0.974222 0.000010 0.025728 0.000010 0.000010 0.000010 0.000010
0.769320 0.000010 0.000010 0.000010 0.000010 0.000010 0.230630
0.151003 0.000010 0.715494 0.000010 0.000010 0.000010 0.133462
0.513392 0.000010 0.000010 0.000010 0.000010 0.000010 0.486558
0.777939 0.000010 0.000010 0.000010 0.000010 0.000010 0.222011
0.000010 0.000010 0.000010 0.000010 0.000010 0.999940 0.000010
0.000010 0.999940 0.000010 0.000010 0.000010 0.000010 0.000010
0.931178 0.000011 0.000010 0.000010 0.000010 0.000010 0.068771
0.314470 0.006104 0.559846 0.025689 0.045859 0.015212 0.032820
0.000010 0.823692 0.000010 0.140237 0.000010 0.000010 0.036030
0.000010 0.472414 0.000010 0.299222 0.202513 0.025821 0.000010
0.539179 0.000010 0.000010 0.000010 0.000010 0.000010 0.460771
0.617581 0.000010 0.000010 0.000010 0.000010 0.000010 0.382369
0.460046 0.000010 0.000010 0.000010 0.000010 0.000010 0.539904
0.202060 0.000010 0.000010 0.000010 0.000010 0.000010 0.797890
0.091395 0.000010 0.000010 0.000010 0.000010 0.000010 0.908555
0.611646 0.000010 0.000010 0.000010 0.000010 0.000010 0.388304
0.122716 0.000010 0.000010 0.000011 0.000010 0.000010 0.877234
0.200704 0.169430 0.322497 0.000010 0.037804 0.223338 0.046216
0.999940 0.000010 0.000010 0.000010 0.000010 0.000010 0.000010
0.850293 0.000010 0.000010 0.000010 0.000010 0.000010 0.149657
0.328976 0.384601 0.008903 0.097526 0.000010 0.000010 0.179974
0.259918 0.000010 0.000010 0.000010 0.000010 0.000010 0.740032
0.936331 0.000011 0.000010 0.000010 0.000010 0.000010 0.063618
0.999940 0.000010 0.000010 0.000010 0.000010 0.000010 0.000010
0.000010 0.000010 0.000010 0.999940 0.000010 0.000010 0.000010
0.948126 0.000010 0.000010 0.000010 0.000010 0.000010 0.051824
0.000010 0.893116 0.058926 0.000010 0.004626 0.043302 0.000010
0.053622 0.005965 0.473621 0.207782 0.097931 0.161069 0.000010
0.999940 0.000010 0.000010 0.000010 0.000010 0.000010 0.000010
0.000010 0.827466 0.000010 0.172484 0.000010 0.000010 0.000010
0.889240 0.000010 0.000010 0.000010 0.000010 0.000010 0.110710
0.999940 0.000010 0.000010 0.000010 0.000010 0.000010 0.000010
0.999940 0.000010 0.000010 0.000010 0.000010 0.000010 0.000010
0.999940 0.000010 0.000010 0.000010 0.000010 0.000010 0.000010
0.999940 0.000010 0.000010 0.000010 0.000010 0.000010 0.000010
0.000010 0.629687 0.000010 0.370263 0.000010 0.000010 0.000010
0.000010 0.000010 0.707994 0.085361 0.096720 0.069452 0.040452
0.000010 0.000010 0.779652 0.084464 0.074281 0.061572 0.000010
0.000011 0.628527 0.000010 0.371415 0.000010 0.000017 0.000010
0.119962 0.000010 0.879988 0.000010 0.000010 0.000010 0.000010
0.999940 0.000010 0.000010 0.000010 0.000010 0.000010 0.000010
0.055915 0.000010 0.799292 0.000010 0.000010 0.000010 0.144753
0.161225 0.000010 0.757763 0.000010 0.000010 0.000010 0.080971
0.180749 0.000011 0.796954 0.000010 0.000010 0.000010 0.022257
0.000010 0.656825 0.000010 0.343125 0.000010 0.000010 0.000010
0.000010 0.000010 0.000010 0.999939 0.000011 0.000010 0.000010
0.029895 0.000010 0.909433 0.000010 0.000010 0.000010 0.060632
0.174606 0.000010 0.799038 0.000010 0.000010 0.000010 0.026315
0.000010 0.837749 0.000010 0.162201 0.000010 0.000010 0.000010
0.000010 0.821591 0.000010 0.178359 0.000010 0.000010 0.000010
0.015937 0.949285 0.017783 0.000010 0.000010 0.016965 0.000010
0.000010 0.999940 0.000010 0.000010 0.000010 0.000010 0.000010
0.000010 0.000010 0.000010 0.000010 0.000010 0.000010 0.999940
0.000010 0.092703 0.000010 0.884198 0.000010 0.023059 0.000010
0.999940 0.000010 0.000010 0.000010 0.000010 0.000010 0.000010
0.000010 0.914029 0.026372 0.055386 0.000010 0.004183 0.000010
0.000010 0.000010 0.000010 0.000010 0.000010 0.999940 0.000010
0.000010 0.000013 0.000010 0.999936 0.000010 0.000010 0.000010
0.000010 0.000010 0.000010 0.999940 0.000010 0.000010 0.000010
0.000010 0.000010 0.000010 0.000010 0.000010 0.999940 0.000010
0.001802 0.964331 0.019291 0.000010 0.014546 0.000010 0.000010
0.053709 0.941581 0.000010 0.000010 0.004670 0.000010 0.000010
0.000010 0.000010 0.000010 0.999940 0.000010 0.000010 0.000010
0.000010 0.000010 0.000010 0.999940 0.000010 0.000010 0.000010
0.004626 0.785996 0.024853 0.184493 0.000012 0.000010 0.000010
0.000813 0.746670 0.058822 0.193666 0.000010 0.000010 0.000010
0.014720 0.935961 0.000010 0.000010 0.003884 0.045404 0.000010
0.000010 0.209828 0.000010 0.001038 0.000010 0.789093 0.000010
0.000010 0.290109 0.000010 0.000010 0.000010 0.709841 0.000010
0.933457 0.000010 0.000010 0.000011 0.000010 0.000010 0.066492
0.000010 0.000019 0.000011 0.962791 0.000011 0.037148 0.000010
0.000010 0.754595 0.000010 0.232244 0.000010 0.013121 0.000010
0.000010 0.999940 0.000010 0.000010 0.000010 0.000010 0.000010
0.000010 0.000010 0.000010 0.000010 0.000010 0.000010 0.999940
0.000010 0.999940 0.000010 0.000010 0.000010 0.000010 0.000010
0.000010 0.775522 0.000010 0.183763 0.000010 0.040676 0.000010
0.156261 0.000010 0.843689 0.000010 0.000010 0.000010 0.000010
0.000010 0.696504 0.000010 0.303446 0.000010 0.000010 0.000010
0.000010 0.000010 0.000010 0.999939 0.000011 0.000010 0.000010
0.000010 0.000010 0.000010 0.999940 0.000010 0.000010 0.000010
0.000010 0.573336 0.000010 0.426614 0.000010 0.000010 0.000010
0.000010 0.714026 0.000010 0.285924 0.000010 0.000010 0.000010
0.000010 0.701363 0.000010 0.298587 0.000010 0.000010 0.000010
0.000010 0.747125 0.000010 0.252825 0.000010 0.000010 0.000010
0.047457 0.620500 0.000010 0.324599 0.004656 0.002769 0.000010
0.000010 0.000010 0.000010 0.999940 0.000010 0.000010 0.000010
0.000010 0.172153 0.000010 0.827797 0.000010 0.000010 0.000010
0.000010 0.000010 0.000010 0.000010 0.000010 0.999940 0.000010
0.999940 0.000010 0.000010 0.000010 0.000010 0.000010 0.000010
0.000010 0.688813 0.000010 0.307536 0.000010 0.003611 0.000010
0.000010 0.000010 0.000010 0.999940 0.000010 0.000010 0.000010
0.000010 0.793634 0.000010 0.172192 0.000010 0.034134 0.000010
0.167935 0.435153 0.166137 0.000010 0.117248 0.042697 0.070820
0.000010 0.249903 0.000010 0.750047 0.000010 0.000010 0.000010
0.000010 0.000010 0.000010 0.999940 0.000010 0.000010 0.000010
0.000010 0.000010 0.000010 0.000010 0.999940 0.000010 0.000010
0.000010 0.000012 0.000010 0.000010 0.000010 0.000010 0.999938
0.137113 0.183783 0.021107 0.007224 0.000010 0.000010 0.650753
0.026475 0.649805 0.038100 0.239773 0.000010 0.045827 0.000010
0.050692 0.098619 0.683084 0.074512 0.060190 0.032893 0.000010
0.000010 0.287703 0.000010 0.712247 0.000010 0.000010 0.000010
0.000010 0.027573 0.761801 0.080283 0.108302 0.022020 0.000010
0.000010 0.710881 0.000010 0.289069 0.000010 0.000010 0.000010
0.000010 0.733936 0.000010 0.266014 0.000010 0.000010 0.000010
0.000010 0.598201 0.000010 0.401749 0.000010 0.000010 0.000010
0.000010 0.716918 0.000010 0.279866 0.000010 0.003175 0.000010
0.999940 0.000010 0.000010 0.000010 0.000010 0.000010 0.000010
0.103791 0.000010 0.868488 0.000010 0.000010 0.000010 0.027681
0.111237 0.000010 0.861241 0.000010 0.000010 0.000010 0.027482
0.000010 0.343146 0.055025 0.000010 0.503164 0.091658 0.006986
0.945484 0.000010 0.000010 0.000010 0.000010 0.000010 0.054466
0.000010 0.595006 0.000010 0.404944 0.000010 0.000010 0.000010
0.000019 0.000010 0.000016 0.000010 0.999925 0.000010 0.000010
0.144721 0.000010 0.799790 0.000010 0.000010 0.000010 0.055448
0.999940 0.000010 0.000010 0.000010 0.000010 0.000010 0.000010
0.000010 0.000010 0.781767 0.054567 0.099130 0.064505 0.000010
0.000010 0.703242 0.000010 0.296708 0.000010 0.000010 0.000010
0.000010 0.730110 0.000010 0.268135 0.000010 0.001714 0.000010
0.000010 0.228026 0.079282 0.067289 0.625373 0.000010 0.000010
0.000010 0.801011 0.000010 0.198939 0.000010 0.000010 0.000010
0.000010 0.737457 0.000010 0.262493 0.000010 0.000010 0.000010
0.029710 0.805152 0.040888 0.021758 0.016978 0.085505 0.000010
0.999939 0.000011 0.000010 0.000010 0.000010 0.000010 0.000010
0.000010 0.614302 0.000013 0.361072 0.000010 0.024583 0.000010
0.999940 0.000010 0.000010 0.000010 0.000010 0.000010 0.000010
0.000010 0.577731 0.000010 0.422219 0.000010 0.000010 0.000010
0.000010 0.740649 0.000010 0.259301 0.000010 0.000010 0.000010
0.983618 0.000010 0.000010 0.000010 0.000010 0.000010 0.016332
0.000010 0.000010 0.000010 0.999940 0.000010 0.000010 0.000010
0.999940 0.000010 0.000010 0.000010 0.000010 0.000010 0.000010
0.000010 0.862181 0.062077 0.014997 0.013134 0.047591 0.000010
0.000014 0.000010 0.000010 0.999936 0.000010 0.000010 0.000010
0.000010 0.685507 0.000010 0.276164 0.000010 0.038290 0.000010
0.019479 0.684359 0.000010 0.000010 0.000010 0.296122 0.000010
0.000010 0.759881 0.000010 0.240069 0.000010 0.000010 0.000010
0.999940 0.000010 0.000010 0.000010 0.000010 0.000010 0.000010
0.000010 0.000010 0.000010 0.000010 0.000010 0.000010 0.999940
0.000013 0.000010 0.000010 0.000010 0.000010 0.999937 0.000010
0.999940 0.000010 0.000010 0.000010 0.000010 0.000010 0.000010
0.000010 0.000010 0.000010 0.000010 0.000010 0.000010 0.999940
0.000010 0.000010 0.000010 0.000010 0.000010 0.000010 0.999940
0.000011 0.000010 0.000010 0.999939 0.000010 0.000010 0.000010
0.046661 0.000010 0.658013 0.095900 0.077889 0.117266 0.004262
0.000010 0.000010 0.763914 0.000010 0.071156 0.164889 0.000010
0.473969 0.000010 0.000010 0.000010 0.000010 0.000010 0.525981
0.000010 0.015644 0.700960 0.041583 0.079456 0.162337 0.000010
0.000010 0.006590 0.714013 0.000010 0.077965 0.145922 0.055491
0.131956 0.000010 0.000010 0.000010 0.000010 0.000010 0.867994
0.031457 0.044027 0.756892 0.000020 0.055591 0.112003 0.000010
0.000010 0.000010 0.760755 0.000010 0.063135 0.176069 0.000010
0.000010 0.746769 0.000014 0.253178 0.000010 0.000010 0.000010
0.000010 0.741674 0.000010 0.258276 0.000010 0.000010 0.000010
0.000010 0.710854 0.000010 0.289096 0.000010 0.000010 0.000010
0.814950 0.000010 0.000010 0.000010 0.000010 0.000010 0.185000
0.000010 0.000011 0.000010 0.999939 0.000010 0.000010 0.000010
0.000011 0.216548 0.000010 0.783402 0.000010 0.000010 0.000010
0.000010 0.713797 0.000010 0.286153 0.000010 0.000010 0.000010
0.000010 0.814371 0.000010 0.170856 0.000010 0.014733 0.000010
0.000010 0.557768 0.000010 0.346728 0.011382 0.084092 0.000010
0.000010 0.253137 0.000010 0.187787 0.559036 0.000010 0.000010
0.000010 0.105918 0.000010 0.000010 0.000010 0.009903 0.884139
0.000010 0.000010 0.000010 0.999940 0.000010 0.000010 0.000010
0.000011 0.620063 0.000010 0.359686 0.000010 0.020210 0.000010
0.000010 0.857019 0.000010 0.142931 0.000010 0.000010 0.000010
0.000010 0.622296 0.000010 0.376675 0.000010 0.000988 0.000010
0.000010 0.678478 0.000010 0.317369 0.000010 0.004113 0.000010
0.152650 0.000010 0.686190 0.000010 0.000010 0.000010 0.161120
0.045865 0.333130 0.119843 0.501131 0.000010 0.000010 0.000010
0.813884 0.000010 0.000010 0.000010 0.000010 0.000010 0.186066
0.130691 0.000010 0.644404 0.000010 0.000010 0.000010 0.224865
0.985687 0.000010 0.000010 0.000010 0.000010 0.000010 0.014263
0.175934 0.000010 0.000010 0.000010 0.000010 0.000010 0.824016
0.000010 0.793480 0.060159 0.078750 0.011523 0.056068 0.000010
0.000010 0.797779 0.000010 0.202171 0.000010 0.000010 0.000010
0.000010 0.000010 0.000010 0.999940 0.000010 0.000010 0.000010
0.000010 0.000010 0.000010 0.173783 0.826167 0.000010 0.000010
0.387289 0.000010 0.612661 0.000010 0.000010 0.000010 0.000010
0.119277 0.000010 0.650363 0.000010 0.000010 0.000010 0.230320
0.031423 0.000010 0.797711 0.031808 0.053098 0.000010 0.085941
0.999940 0.000010 0.000010 0.000010 0.000010 0.000010 0.000010
0.000010 0.019177 0.686147 0.087576 0.137570 0.069511 0.000010
0.069832 0.000010 0.905075 0.000010 0.000010 0.000010 0.025053
0.008953 0.000010 0.671575 0.019828 0.062398 0.035424 0.201813
0.000010 0.000010 0.000010 0.623971 0.375979 0.000010 0.000010
0.000010 0.000010 0.000010 0.999940 0.000010 0.000010 0.000010
0.908299 0.000010 0.000010 0.000010 0.000010 0.000010 0.091651
0.014838 0.016299 0.823928 0.020032 0.124883 0.000010 0.000010
0.033434 0.015600 0.822323 0.000010 0.102257 0.025896 0.000480
0.000010 0.847223 0.000010 0.111492 0.019259 0.021996 0.000010
0.002029 0.854747 0.053377 0.089817 0.000010 0.000010 0.000010
0.999940 0.000010 0.000010 0.000010 0.000010 0.000010 0.000010
0.000010 0.999940 0.000010 0.000010 0.000010 0.000010 0.000010
0.000010 0.000010 0.000010 0.000010 0.000010 0.999940 0.000010
0.000010 0.440121 0.000010 0.379324 0.180515 0.000010 0.000010
0.000010 0.272033 0.000010 0.727917 0.000010 0.000010 0.000010
0.000010 0.000010 0.000010 0.999940 0.000010 0.000010 0.000010
0.009671 0.701259 0.028618 0.215491 0.000010 0.044941 0.000010
0.000010 0.000010 0.000010 0.000010 0.999937 0.000013 0.000010
0.000010 0.000010 0.000010 0.000010 0.999940 0.000010 0.000010
0.000010 0.000010 0.000010 0.000010 0.999940 0.000010 0.000010
0.000010 0.751728 0.000010 0.248222 0.000010 0.000010 0.000010
0.000010 0.000010 0.000010 0.999940 0.000010 0.000010 0.000010
0.000010 0.284937 0.000010 0.715013 0.000010 0.000010 0.000010
0.000011 0.000010 0.000010 0.552294 0.447646 0.000018 0.000010
0.000010 0.000010 0.000010 0.000010 0.999940 0.000010 0.000010
0.000010 0.000010 0.000010 0.000010 0.999940 0.000010 0.000010
0.000010 0.000010 0.000010 0.317486 0.681476 0.000998 0.000010
0.089699 0.000010 0.753945 0.011799 0.063696 0.000010 0.080841
0.018218 0.301568 0.293705 0.085697 0.028016 0.272786 0.000010
0.218676 0.492917 0.000010 0.264749 0.000010 0.023629 0.000010
0.000010 0.000010 0.000010 0.000010 0.999940 0.000010 0.000010
0.378755 0.000010 0.621195 0.000010 0.000010 0.000010 0.000010
0.270499 0.000010 0.000010 0.000010 0.000010 0.000010 0.729451
0.000010 0.000010 0.000010 0.000010 0.000010 0.999940 0.000010
0.206002 0.000010 0.077282 0.000010 0.000010 0.000010 0.716675
0.720063 0.000010 0.190468 0.000010 0.000010 0.000010 0.089428
0.999940 0.000010 0.000010 0.000010 0.000010 0.000010 0.000010
0.241278 0.000010 0.000010 0.000010 0.000010 0.000010 0.758672
0.007641 0.014577 0.741202 0.006844 0.083600 0.146126 0.000010
0.643924 0.000010 0.000010 0.000010 0.008669 0.000010 0.347367
0.051519 0.000010 0.836216 0.000010 0.000010 0.000010 0.112225
0.485536 0.000010 0.000010 0.000010 0.000010 0.000010 0.514414
0.882626 0.000010 0.000010 0.000010 0.000010 0.000010 0.117324
0.194715 0.000010 0.000010 0.000010 0.000010 0.000010 0.805235
0.000010 0.000010 0.000010 0.000010 0.000010 0.999940 0.000010
0.000010 0.000010 0.000010 0.000010 0.000010 0.000010 0.999940
0.682871 0.000010 0.002816 0.000010 0.000010 0.000010 0.314273
0.176898 0.000010 0.000010 0.000010 0.000010 0.000010 0.823052
0.000010 0.572088 0.000010 0.426261 0.001611 0.000010 0.000010
0.646701 0.000010 0.000010 0.000010 0.000010 0.000010 0.353249
0.493562 0.000010 0.000010 0.000010 0.000010 0.000010 0.506388
0.000010 0.020060 0.754688 0.074778 0.117269 0.033186 0.000010
0.369843 0.000010 0.000010 0.000010 0.000011 0.000010 0.630106
0.250429 0.345547 0.112278 0.227295 0.000010 0.064432 0.000010
0.660214 0.000010 0.000010 0.000010 0.000010 0.000010 0.339736
